-0.6213116000	-0.1559400000	1.0212060000	0.9855735000	-1.2577810000	20	140
-0.6404920000	1.4572330000	-0.9768175000	-0.9782389000	-0.0047577149	15	99
-0.8909354000	-1.7691130000	1.3028880000	1.3314070000	-0.8401099000	24	35
-0.4018514000	-1.7691130000	-0.2244784000	2.6985780000	-1.0257450000	16	128
0.6640131000	0.6506463000	1.9486520000	1.0740880000	-2.0621970000	8	56
-0.9037890000	-1.2313880000	-0.1908484000	0.8628663000	-0.4379103000	17	19
0.6551495000	-0.1559400000	-0.3367752000	0.6923541000	0.0571207890	17	36
-0.3657781000	-0.4248021000	0.9407374000	0.4073214000	-0.6544814000	16	43
0.8352164000	0.1129221000	-0.4243830000	0.2319959000	-0.2445374000	24	178
-0.6826866000	-0.9625263000	0.6377060000	0.4095570000	0.6217503000	21	23
-0.1760874000	0.1129221000	-0.4057080000	0.9526674000	-0.8323759000	13	142
1.9198950000	0.1129221000	-0.5350345000	0.1507359000	0.2968971000	15	101
1.1292380000	0.6506463000	-0.4377020000	-0.6746159000	0.5676090000	17	106
-0.0276681050	-0.1559400000	-0.6231213000	1.4836800000	-1.0025400000	11	13
0.0767246110	-0.1559400000	0.9776335000	-0.7030624000	0.0416493420	12	85
-0.6118981000	0.9195084000	0.4036816000	-0.4955542000	-0.3218874000	23	14
-1.0214090000	0.6506463000	-0.2976924000	0.0637274980	0.2040793000	20	166
1.4434530000	1.1883700000	-0.4698962000	-1.6483390000	1.7200770000	26	11
-0.7796438000	0.6506463000	-0.8565938000	-0.5474262000	0.5521379000	15	134
-0.1089344000	2.2638190000	-1.3711310000	-1.4408410000	0.4206470000	19	167
-0.7847080000	1.7260950000	-0.1177319000	-0.7567970000	-0.1362556000	14	162
-1.4086490000	1.4572330000	0.1014863000	-0.8722628000	0.7377698000	22	164
1.8209050000	0.3817842000	-1.3537140000	-2.3903880000	2.5709000000	26	22
-0.9129435000	-0.9625263000	0.0765028520	-0.3323019000	0.9388661000	30	162
0.9055131000	0.1129221000	0.2210425000	0.2319908000	0.6062824000	19	114
0.8038338000	-0.4248021000	0.9456015000	-0.2992141000	0.3200920000	25	163
1.4046430000	-0.4248021000	0.0020508291	-0.6524928000	1.1090400000	21	44
0.8458087000	0.1129221000	-0.0675247760	0.0589001630	-0.0125020450	24	168
-0.6129211000	-0.4248021000	0.4960792000	-1.0834710000	0.7996483000	25	169
-0.7329748000	1.1883700000	-0.8861907000	-0.9947901000	0.7223088000	29	163
-0.6429141000	-0.9625263000	-1.3427560000	-0.2722592000	1.3410790000	17	76
-0.4781035000	1.1883700000	-0.3981566000	-0.8322759000	-0.0434379210	17	131
-0.1345297000	0.3817842000	1.3288630000	-0.2213212000	0.2736883000	25	7
-0.1117241000	0.1129221000	-0.9542764000	1.0869040000	-0.6622049000	15	131
0.9968047000	0.3817842000	-0.7098855000	-1.3482420000	2.0604010000	20	50
-0.9644027000	1.1883700000	-0.2740690000	-0.2352697000	-0.1826557000	11	102
0.4267152000	0.9195084000	0.2709223000	0.0802742390	-0.3682910000	15	98
-1.4862240000	0.6506463000	0.7289464000	-0.7876690000	0.9388729000	18	60
-0.9001020000	0.6506463000	0.1462911000	0.0566614380	-0.6467440000	14	127
-0.0386609030	1.9949570000	0.6335323000	-0.7437752000	-0.9329239000	8	39
0.3938964000	-1.2313880000	0.8878767000	0.5413885000	0.0184336140	16	75
2.3264380000	1.7260950000	-0.1786239000	-0.7038178000	0.0184511490	14	71
0.5657649000	0.3817842000	0.7897964000	-2.1183810000	2.4858170000	24	32
-0.9947598000	0.3817842000	-0.2349095000	0.1460864000	0.1808776000	19	119
-0.7767677000	0.9195084000	0.1320933000	0.0943986850	-0.0898413810	13	114
-0.0972983840	0.6506463000	1.0560160000	1.1058640000	-2.3406430000	4	100
0.7739673000	1.7260950000	0.0426699780	-1.4456760000	0.8769945000	27	24
0.4958332000	-0.6936642000	-1.2536040000	1.3552100000	-1.3506090000	19	161
0.0085579501	0.6506463000	0.9113583000	-0.1341138000	-0.5152566000	21	160
1.3254470000	0.6506463000	-0.4332011000	-0.9325005000	0.4129131000	28	164
0.3451416000	-0.1559400000	-0.5632210000	0.6711578000	0.2427457000	28	33
-1.0584300000	-0.1559400000	-0.2574615000	-1.0634010000	1.0858320000	23	168
1.6906610000	1.1883700000	0.9598794000	-1.5494170000	0.2040760000	19	104
0.7146140000	0.6506463000	-0.2104841000	-0.2542119000	0.1421975000	15	71
-1.0333010000	-0.4248021000	-0.1797167000	-0.3486740000	0.9156747000	20	15
-1.3697850000	-0.6936642000	-0.2295979000	0.3130698000	0.3200954000	19	157
-0.3948797000	-4.7265950000	-0.1948603000	0.2202829000	1.9521230000	24	168
-1.3728670000	1.9949570000	0.3063541000	-3.5734810000	2.7642660000	30	161
-1.4133030000	1.7260950000	0.9186162000	-2.0391650000	1.8825070000	28	19
-0.5168174000	-0.6936642000	-0.7925771000	0.0869539600	0.8228534000	23	17
-0.0744478700	0.3817842000	-0.3874106000	-0.2389802000	0.6836322000	10	62
1.1196990000	-0.1559400000	0.3927177000	0.3567486000	-0.1594573000	17	62
-1.2955160000	-1.7691130000	-0.4527672000	-0.6009848000	1.7510160000	25	4
-1.3758040000	-0.1559400000	-0.8510519000	0.5581220000	-0.6931512000	14	155
-0.1718541000	0.6506463000	-0.6491038000	0.6395522000	-0.9638632000	22	47
0.0221156920	0.6506463000	0.3785784000	-1.7980100000	1.3565440000	20	172
0.3906797000	-0.9625263000	-0.8147886000	0.7663523000	0.2814257000	19	36
-1.3596640000	-1.2313880000	0.1304993000	-0.5113648000	1.3797520000	21	148
-0.0877005380	-0.6936642000	0.2702789000	1.4011310000	-0.9406613000	18	17
0.5423202000	0.3817842000	0.8639502000	-1.0197050000	1.1167740000	22	1
2.2488310000	0.3817842000	-0.4942988000	-0.8642750000	1.7046060000	17	88
-0.0548438210	-0.4248021000	-0.9929190000	0.9866973000	-0.4456443000	20	21
-0.2884794000	0.9195084000	0.7547848000	0.9139841000	-1.3428640000	15	90
-0.1898111000	1.1883700000	1.7130330000	-0.8746710000	0.4361115000	23	174
0.0497964430	-0.9625263000	-0.7593586000	0.7698940000	0.3123581000	14	95
-1.6845210000	-0.1559400000	0.4804710000	3.1405300000	-2.6345570000	1	107
-0.5355767000	1.1883700000	1.5256030000	0.1427532000	-0.6235352000	14	136
0.9972470000	-0.1559400000	-1.0107370000	0.7206209000	0.2118098000	26	13
-0.7552327000	-0.4248021000	2.1112050000	1.5095340000	-0.6854135000	19	163
-0.1624134000	0.1129221000	-1.0943400000	0.0200371570	0.2504829000	21	35
-0.9357570000	-1.2313880000	1.1691670000	1.3115130000	-0.4997784000	21	28
-0.3098233000	0.9195084000	-0.5729592000	0.9987890000	-0.9948026000	21	44
2.2908410000	0.1129221000	1.3128910000	0.6064676000	-0.4920481000	14	86
-0.5749149000	0.6506463000	-1.3336870000	-1.0490770000	0.8924658000	23	144
-0.6263102000	-0.9625263000	-0.9404798000	0.1340037000	0.1499349000	29	19
0.5274612000	-0.1559400000	-0.7488747000	0.3779519000	0.0029762131	26	153
-0.3739966000	-0.4248021000	-0.0960111920	1.0361480000	-0.9793346000	5	117
-0.5091217000	-0.9625263000	1.7443860000	1.2220830000	-0.5616603000	22	134
0.3622500000	0.3817842000	-1.0952540000	0.0189101190	0.1421941000	15	56
-0.0257753390	0.6506463000	-0.6069970000	0.0036656740	0.1499314000	11	77
1.2398450000	0.9195084000	0.6189831000	0.6737637000	-0.9097256000	10	88
-0.4576312000	-0.9625263000	0.1538593000	0.9288647000	-0.0279630400	15	60
-0.4547892000	-0.6936642000	-0.5036716000	0.7970408000	-0.1207772000	20	4
-1.2580390000	-0.1559400000	0.4782442000	0.1059320000	-0.0357004520	13	106
-0.9150198000	-0.4248021000	0.8046832000	0.0717293400	-0.2677429000	9	110
-1.5689770000	-0.4248021000	2.7466930000	0.3967322000	-1.6135760000	5	123
-0.5311976000	0.3817842000	-0.6074731000	0.2556061000	0.3742400000	19	151
-0.1449298000	-0.4248021000	-1.1456210000	1.2834410000	-0.9561328000	12	46
0.0397236790	0.9195084000	0.0215629710	-0.5556244000	0.6758983000	15	90
0.2766901000	0.3817842000	-0.2118875000	0.5240908000	-1.0721490000	3	65
-0.4219578000	-0.1559400000	0.1281802000	0.6040524000	-0.5384586000	30	149
-0.5043966000	0.1129221000	0.8045168000	-0.4462869000	0.1035244000	20	8
0.5850657000	-0.9625263000	0.6476065000	1.3280600000	-0.2367967000	19	168
0.0986987580	-0.6936642000	0.3881442000	0.3801830000	0.5134683000	15	160
-0.6051558000	0.6506463000	-1.1589030000	0.4593776000	-0.4533713000	12	83
0.8262986000	-0.4248021000	-0.1759573000	-0.8891754000	0.4747950000	27	152
-0.5486336000	-0.1559400000	-0.1331348000	0.1235968000	0.0184370990	17	145
0.3458834000	1.1883700000	1.5072650000	0.2346037000	-1.1185560000	19	6
0.4382988000	1.1883700000	1.4577490000	0.1568771000	-1.2964610000	15	98
0.1034932000	0.9195084000	1.4577490000	0.6667028000	-1.2964610000	8	38
-1.5974320000	0.1129221000	-1.4279260000	0.7089034000	-0.1826591000	11	85
0.6394795000	-1.5002500000	-0.5762183000	0.3128766000	0.1344671000	18	106
-1.6208430000	0.1129221000	1.1036140000	0.9773938000	-0.5152496000	12	63
0.1762862000	0.6506463000	1.6192240000	-0.7452733000	0.2659543000	17	102
0.6174770000	0.3817842000	0.3662709000	-0.7300224000	1.1013030000	13	87
-0.1768283000	1.1883700000	1.7463850000	0.2169286000	-1.0489470000	13	18
-0.1767506000	0.1129221000	1.1157040000	-0.0824146200	0.1808672000	18	172
-0.6894891000	0.6506463000	-0.8329653000	1.0422860000	-1.7063940000	9	56
0.9433495000	0.9195084000	1.3533250000	0.7444153000	-0.8401099000	18	130
-0.9356989000	-0.4248021000	-0.6333906000	0.0929147300	0.4051792000	23	155
-0.7687244000	-0.4248021000	-1.2933960000	1.1386020000	-0.6235387000	14	47
-0.7465124000	0.3817842000	-0.1523411000	0.1001695000	0.2504830000	18	13
0.9700475000	-2.0379750000	0.7479367000	1.1558870000	-0.1903931000	17	94
-0.3305901000	-0.4248021000	0.0591501110	0.2518771000	-0.0666361150	12	86
-0.8839431000	0.3817842000	-0.1952262000	-0.1965852000	-0.0511682560	20	138
0.2682020000	0.1129221000	-0.8495235000	-0.4992788000	0.6294878000	14	77
-0.4874673000	-0.6936642000	-0.0641619040	1.1679760000	-0.6312762000	25	160
-0.2312475000	-1.2313880000	0.5844597000	1.0995550000	-0.7859758000	14	92
1.1972610000	-0.4248021000	0.4568012000	0.0540574790	0.2582240000	16	50
-0.8423954000	0.3817842000	-0.6083789000	-0.0552819040	0.6140128000	20	172
-0.3628210000	0.6506463000	3.3994760000	-0.3531406000	-0.3992303000	12	109
-0.0245490320	0.9195084000	-1.2995290000	-1.1526430000	1.1399760000	19	127
-0.0431255400	-0.4248021000	-0.4710186000	0.2200910000	0.3897113000	18	20
-0.2944893000	0.3817842000	-0.7854639000	0.4569789000	-0.5075123000	18	150
0.0538132640	1.1883700000	1.1263330000	-0.1010178000	-0.5152497000	20	170
-1.1825920000	-0.9625263000	0.5544696000	1.4623060000	-0.9174596000	15	132
-0.1838054000	1.1883700000	-0.3023355000	-0.9100077000	0.8769979000	26	158
-2.0843070000	-0.1559400000	2.0785410000	1.1374850000	-1.9925810000	10	105
0.5536774000	0.1129221000	-1.2194990000	0.2885180000	-0.2986822000	14	89
-0.3340841000	0.1129221000	0.3595130000	0.2425857000	0.2040690000	15	154
-0.1523440000	-0.6936642000	-1.2183970000	1.2845500000	-0.4843105000	17	97
0.9805811000	0.3817842000	0.4706342000	0.0895643160	0.6758913000	17	106
0.1788433000	0.3817842000	-0.3039382000	0.2838582000	-0.0589021300	16	77
-0.7443182000	1.1883700000	-0.5393752000	-1.0513120000	0.1499314000	21	141
-0.6291838000	-0.1559400000	-0.8663068000	0.9996973000	-0.7859653000	14	83
0.8449730000	0.1129221000	-0.6279389000	0.4898812000	0.1267262000	16	52
0.7377487000	-0.6936642000	-0.9408395000	0.5921385000	-0.3373553000	16	92
-0.7662553000	-2.0379750000	-1.4032840000	1.2901320000	-0.0821074550	26	20
-0.3750690000	-0.1559400000	1.0764770000	0.1695073000	-0.8014331000	16	102
-0.4908147000	-0.9625263000	4.2732910000	0.2611927000	-1.9307060000	3	43
-0.3425469000	-0.4248021000	-0.7617806000	0.4108541000	-0.2213358000	15	112
-1.3737480000	1.1883700000	-0.3679049000	-1.7613960000	2.1454890000	25	19
-0.4849572000	-0.4248021000	-1.4821910000	-0.2850871000	1.2018580000	17	138
-0.8094215000	1.7260950000	-0.5532025000	-2.4171690000	1.7123470000	28	20
1.6746360000	0.1129221000	0.2705327000	0.3874230000	0.0339156280	14	95
0.3209513000	0.1129221000	2.3762470000	0.1648744000	-0.5771350000	22	37
-0.5809182000	0.9195084000	0.3431694000	0.2886990000	-0.5229872000	14	106
0.9201493000	0.3817842000	-1.2890970000	0.3297892000	-0.0898448680	19	147
0.2457882000	-0.9625263000	-0.3165010000	1.5329550000	-0.6312727000	12	72
-0.6130398000	0.1129221000	-0.9823864000	0.0659515110	0.2736919000	15	74
1.5425390000	1.7260950000	0.6467785000	-0.9051772000	-0.1903965000	15	107
0.5015018000	-0.4248021000	-0.8003693000	0.9124963000	-0.1130432000	15	73
-0.4357525000	0.6506463000	-0.5718726000	0.0955097300	-0.2213322000	15	81
-0.1473761000	0.6506463000	-1.0934690000	-1.3069660000	1.1322350000	24	159
-0.9408929000	0.3817842000	0.0273928660	1.2906910000	-1.8997670000	9	50
-0.1619716000	0.1129221000	-0.8222770000	0.0800855460	0.0184405840	16	171
-0.2749211000	-2.5756990000	-0.0065257917	2.0518930000	-0.9174561000	16	61
0.9280182000	0.6506463000	-1.0304630000	0.2050314000	0.1499349000	27	30
-1.1900900000	0.3817842000	-0.3279741000	0.1496236000	-0.6080638000	22	28
0.3485312000	0.3817842000	-0.5592763000	-0.0588133340	0.6062824000	24	42
-0.7323906000	0.9195084000	-0.9426774000	-0.6404017000	0.4902594000	30	93
0.3598865000	0.6506463000	0.5745922000	-1.0632090000	1.0316900000	19	166
-0.3098784000	1.7260950000	1.6546460000	-1.4845380000	-0.4688393000	12	176
-0.6015154000	-0.1559400000	-0.0207841920	-0.2014119000	-0.2136018000	20	161
-0.8899919000	1.7260950000	-0.1820596000	-0.2304187000	-0.9793346000	14	6
0.2007289000	0.3817842000	-0.3456791000	-0.4014855000	0.4283880000	13	104
0.0439808220	-0.1559400000	0.0448867940	1.0314970000	-0.7008885000	13	80
-0.6258675000	-0.4248021000	-0.2759726000	1.4636100000	-0.7550262000	14	122
1.4355980000	-1.2313880000	0.2773547000	-0.3629910000	1.5267150000	23	159
0.6594208000	-1.5002500000	-0.5388598000	1.1889950000	-0.3064160000	23	5
0.0575858430	0.1129221000	-0.4078004000	1.0233300000	-0.3373553000	15	105
-0.3692052000	0.6506463000	1.0857960000	-0.5651006000	-0.4456408000	10	58
1.7117990000	-0.6936642000	-0.5603957000	-0.1391318000	0.3200989000	24	162
-0.5105771000	-0.4248021000	-0.1942247000	0.8100606000	0.2659509000	21	16
0.9098841000	-0.9625263000	-0.3743943000	0.9253294000	0.1576688000	18	56
0.5657489000	-0.4248021000	-0.2885152000	1.2693030000	-1.1727000000	16	34
1.9906980000	1.7260950000	1.2421740000	-0.6790742000	-0.4920548000	24	164
0.4961789000	0.1129221000	-0.9077159000	1.2352840000	-1.0257420000	21	10
-1.2133520000	-0.1559400000	-1.5551090000	0.6746886000	-0.1749218000	12	85
0.2126101000	-0.1559400000	0.1347151000	0.6181755000	-0.6467440000	12	112
-0.2495797000	1.4572330000	-0.8715814000	0.1380948000	0.0493833240	12	125
0.2830267000	0.9195084000	-0.6587498000	0.3204915000	-0.3528195000	16	113
-1.5898810000	0.6506463000	-1.0304830000	0.2686221000	0.0803260580	15	129
0.3290903000	-0.1559400000	0.0437306910	-0.0389078590	-0.3296178000	15	82
-1.6704900000	-0.1559400000	0.7791991000	-0.1378231000	-0.1671878000	10	121
1.3195560000	2.8015430000	-1.7322750000	-1.9235180000	1.2791970000	24	162
-0.3749130000	3.0704050000	1.2340150000	-2.5181200000	0.2736882000	25	148
2.7153920000	1.1883700000	-0.6931801000	-0.8781999000	1.0316870000	30	105
0.6557434000	1.4572330000	0.9043162000	-0.0420772550	0.3742399000	15	160
0.2958945000	0.3817842000	-1.2362940000	0.2202861000	-0.1439860000	12	99
1.5458950000	0.6506463000	0.8075027000	0.2438919000	-0.1130467000	13	59
-0.7793589000	0.1129221000	-0.7346271000	-0.1212802000	0.0648546070	16	113
0.0483403540	0.3817842000	0.5962053000	-0.8183440000	-0.1285182000	14	108
-0.2000131000	-0.1559400000	0.0410556760	0.8124733000	0.0029762131	16	62
1.8103980000	0.1129221000	-0.9035274000	1.3942520000	-0.8710489000	15	118
-0.1540193000	-0.1559400000	-0.9628164000	0.3284863000	-0.2832143000	15	108
-0.8067074000	-0.6936642000	1.1406860000	0.4896918000	0.0416493420	23	5
0.4511760000	-0.4248021000	-1.2120080000	1.4494750000	-1.5981090000	12	162
0.4742975000	-0.4248021000	-0.6065788000	-0.3628106000	1.3565540000	16	87
0.3106560000	-0.4248021000	-1.3318010000	0.1035020000	0.3742435000	20	141
-1.1434960000	0.6506463000	2.6046450000	1.8689330000	-2.2168830000	8	160
-1.2282150000	-0.1559400000	1.9091350000	0.5086634000	-1.3041950000	7	10
0.8914654000	0.6506463000	-0.1945987000	-0.0669942800	-0.3605536000	13	85
1.0192830000	0.9195084000	1.2519090000	-1.6931380000	1.0780980000	25	173
-0.1343454000	0.1129221000	0.8085023000	0.6912360000	-0.8555741000	12	14
-0.6591206000	0.1129221000	-0.2252923000	0.3167681000	0.5057272000	23	153
-0.3090782000	1.1883700000	-0.5278770000	0.3441088000	-0.9638632000	13	169
-0.1426203000	1.7260950000	1.1630810000	-0.9298946000	-0.3528301000	25	44
-0.5542321000	0.6506463000	-0.5941205000	-0.4626462000	0.3665060000	14	90
-0.2199186000	1.9949570000	0.5353993000	-0.7225912000	0.0880599920	19	56
-0.7848833000	0.6506463000	-0.0331566330	0.7808618000	-0.4379034000	9	143
-1.1239900000	0.3817842000	2.2554900000	-0.1612530000	-1.6058460000	6	113
-1.1505970000	1.1883700000	1.0210100000	0.5313424000	-1.1572360000	12	172
-0.9219876000	-0.1559400000	-0.4607228000	0.1341911000	0.0957903790	27	10
-0.2903517000	1.4572330000	2.1740170000	0.0709777700	-1.0025360000	7	179
-0.3571053000	1.1883700000	-0.1612492000	0.1639233000	-0.4378999000	21	176
1.6569920000	1.4572330000	1.9579780000	-0.5366579000	-0.1749253000	24	35
-0.7705215000	-0.6936642000	-1.0895840000	0.5744852000	0.6294877000	19	14
0.7118163000	0.3817842000	-0.8674292000	-0.1789235000	0.7377698000	15	97
-0.7499555000	-0.4248021000	0.9124494000	0.8383075000	-0.8633081000	10	119
-1.9674840000	0.1129221000	-0.8718923000	-0.4639518000	0.7996516000	25	35
1.1796800000	1.9949570000	-1.4974300000	-1.1500380000	0.7764429000	23	27
-0.5359842000	-1.7691130000	0.0136304170	0.7379141000	0.6681573000	23	19
-0.8631718000	0.6506463000	2.4485560000	-0.1694256000	-0.8710456000	12	171
0.0554440250	0.1129221000	-0.6124916000	0.1047940000	0.5985485000	16	87
2.8290420000	0.6506463000	0.5086561000	-0.8441783000	0.1654028000	26	16
0.8368761000	0.1129221000	1.2319370000	1.3059290000	-0.6931475000	11	63
-1.4013070000	0.3817842000	-0.1955345000	-1.1292180000	0.2504761000	15	30
-1.3583290000	-0.1559400000	2.5821070000	1.2505350000	-1.7141310000	22	176
2.8246370000	0.3817842000	2.4446220000	1.1175820000	-1.2809860000	15	92
-0.8977891000	0.9195084000	0.3003419000	-0.0610354280	-0.2368072000	19	140
-1.3660820000	0.3817842000	-0.8782841000	-0.5427856000	0.9698157000	23	171
0.7530093000	0.6506463000	-1.2172690000	1.0458140000	-1.2268410000	9	86
-1.4215180000	1.1883700000	0.8740671000	-0.6132556000	-0.3605604000	16	98
-0.0149858230	0.3817842000	-1.5272730000	1.3260220000	-1.0798860000	13	95
-0.5984391000	1.1883700000	0.9346607000	1.1778170000	-2.4721300000	1	92
0.3176392000	-1.5002500000	0.1800438000	0.0514535200	1.3178740000	17	20
0.5962265000	-0.1559400000	0.3334798000	-0.1554950000	0.3897113000	18	103
0.8831240000	0.6506463000	-1.4985740000	0.0319337470	0.2195438000	16	76
-0.7663827000	0.1129221000	-1.0658940000	0.6559204000	-0.2677394000	16	111
-0.7844725000	0.1129221000	0.1706115000	0.2178631000	-0.4997817000	22	163
-0.2848860000	-0.6936642000	-0.1486958000	0.7687823000	-0.6467405000	14	123
-0.6988147000	0.6506463000	1.8505200000	2.5189550000	-2.2014180000	3	124
-1.3257780000	0.6506463000	-0.1658989000	2.6885210000	-2.4798670000	9	78
-0.8005118000	-0.6936642000	-0.4087327000	-0.7467502000	0.5753432000	22	156
0.9189989000	-0.6936642000	-0.9080319000	-0.3157692000	1.0858280000	28	22
0.9919786000	1.7260950000	1.0850750000	-0.2445489000	-0.4224355000	15	117
-1.8088190000	0.6506463000	1.8980210000	1.1729910000	-1.9616420000	5	134
0.5741346000	0.3817842000	0.1903895000	0.2874005000	-1.0721490000	22	160
1.8951250000	0.1129221000	-0.7593464000	-0.2131326000	-0.1362520000	17	35
1.0816280000	1.4572330000	0.2236317000	-0.6567611000	0.7609715000	13	91
-0.0067720949	-0.1559400000	-0.0505777340	-1.8370610000	1.9830620000	27	160
0.3214780000	0.6506463000	0.0370545500	-0.3601989000	0.0107100870	20	163
-1.2519040000	1.1883700000	0.7140279000	-0.1080800000	0.0493832680	14	102
0.5324351000	0.3817842000	-0.4500831000	0.0507141020	0.1421975000	14	101
-0.4868675000	-0.1559400000	-1.3314380000	1.3388500000	-1.1494980000	15	139
0.1858169000	-0.6936642000	-1.5967500000	0.6910601000	-0.1826593000	17	42
1.3511030000	-0.6936642000	-0.3598202000	0.0728346330	0.9930174000	25	41
-0.4006046000	0.6506463000	0.1221888000	-0.5015112000	0.6294877000	17	44
-1.5649320000	0.6506463000	1.0010430000	0.3357461000	-0.8169115000	19	153
1.5774720000	0.6506463000	0.6287033000	1.1341400000	-1.4279480000	16	98
1.8768800000	1.1883700000	0.5271466000	-0.3942257000	-0.2058609000	13	109
0.8711627000	0.3817842000	0.6713076000	-0.2601714000	0.1499348000	18	88
-1.9530120000	-0.1559400000	-0.9492244000	-0.0106449020	0.1189923000	18	144
1.3705030000	1.1883700000	-0.5009738000	-1.0725050000	1.3256080000	21	24
-0.6968361000	0.1129221000	-0.5738549000	1.8605780000	-1.3892820000	6	92
0.5289947000	-0.1559400000	-0.4169124000	0.4627440000	0.2504830000	16	86
0.0314036420	-0.4248021000	0.8781429000	1.5837170000	-0.3605569000	17	42
-0.2857073000	0.3817842000	0.0511362400	2.4494180000	-2.5417430000	8	43
0.2342346000	1.4572330000	-0.7056984000	-0.6143660000	0.1808638000	30	155
-1.0127300000	0.6506463000	2.1866770000	2.2999210000	-3.1141200000	4	95
-0.9122804000	0.6506463000	0.4935177000	2.2716650000	-2.1395360000	14	161
-1.2754730000	0.9195084000	1.8901670000	1.0588330000	-1.9539150000	9	29
0.8241854000	-1.2313880000	-1.2787440000	0.9370411000	-0.0279665250	16	94
1.3873280000	-0.1559400000	-0.8563764000	0.9502490000	-0.3605534000	15	103
-0.4434558000	0.1129221000	0.2765456000	0.2319940000	-0.7550295000	17	49
1.2445760000	0.9195084000	-0.3977664000	-0.1246172000	-0.5461924000	13	62
0.4610027000	0.9195084000	-1.4372480000	-1.3681450000	1.0626300000	16	89
-1.5041800000	0.1129221000	-0.7121017000	1.2600140000	-1.0876170000	6	62
-0.5336210000	0.6506463000	1.0749880000	0.5441696000	-0.9715971000	15	139
-0.2544383000	0.1129221000	0.3861383000	-0.3191215000	-0.6158013000	16	101
-0.8316559000	1.4572330000	-0.3423741000	-1.5470130000	1.0780980000	24	167
-0.3249419000	-0.4248021000	-0.3813969000	-0.4935183000	0.6604199000	22	157
1.8976860000	0.1129221000	1.4083300000	0.9809323000	-1.6909260000	12	96
-1.0416000000	-0.4248021000	-1.1280830000	0.0964557530	-0.0357004520	12	50
-0.4932474000	-2.8445610000	-0.6111104000	1.4665870000	0.0339118730	19	36
0.2222022000	0.1129221000	-0.3301152000	0.0836131420	-0.0202291660	24	161
2.7237030000	-0.6936642000	0.5039473000	0.3377860000	0.0725851060	16	82
-1.1823480000	0.9195084000	-0.8055066000	-0.2588665000	-0.2290733000	20	154
-1.1299030000	1.1883700000	-0.2656804000	0.2946553000	0.2040795000	19	159
0.7417517000	0.6506463000	0.6816370000	0.1025860000	0.0184440710	19	143
0.2274514000	-0.1559400000	0.8784923000	-0.1236929000	-0.5848691000	20	15
-0.9189540000	-0.1559400000	-0.4809841000	-0.3391908000	1.0703640000	25	18
0.3122557000	0.3817842000	-0.5575019000	2.3434470000	-2.1936840000	1	85
-0.0946738050	-0.6936642000	0.5234149000	0.6804652000	-0.5848656000	16	96
-0.8519492000	0.9195084000	1.3028220000	0.5077283000	-0.7550295000	17	28
0.7063553000	0.1129221000	-0.6748389000	0.9703277000	-1.4898270000	16	65
1.2990000000	1.1883700000	-0.6505672000	-0.4825447000	0.7609749000	19	147
-0.3289623000	-1.5002500000	-0.7932299000	-0.3901358000	0.9930174000	22	11
-0.4158332000	0.6506463000	-0.8177175000	1.1517930000	-0.8323760000	14	87
0.0675176680	1.1883700000	-0.1665329000	-1.1926070000	0.8460553000	22	160
0.2322575000	1.7260950000	-0.4347610000	-0.9546191000	-0.2290663000	25	11
0.7374985000	0.9195084000	-0.6287910000	0.2781028000	-0.5616603000	14	93
0.3047289000	0.3817842000	-0.9905083000	1.0963970000	-0.7240938000	10	68
-0.6649419000	-0.4248021000	-0.6827577000	0.5945563000	-0.2986821000	16	98
1.0308110000	1.1883700000	-0.1799786000	-0.0621503140	-0.4765799000	12	85
-1.1522000000	-0.6936642000	-1.0097340000	0.5038310000	-0.2986751000	13	138
0.2558019000	-0.4248021000	0.3724131000	1.3752960000	-0.3296179000	15	109
-1.1081250000	0.1129221000	0.7539750000	1.2635500000	-1.3815440000	11	152
0.0951746330	0.3817842000	1.2149050000	0.3721824000	-1.0412090000	16	61
0.2810788000	0.6506463000	0.8193927000	-1.2575070000	0.5985485000	28	159
-0.8265943000	0.6506463000	-0.9868410000	-0.1835641000	-0.2832108000	24	178
0.6324146000	1.1883700000	-0.7399186000	-0.8004918000	0.3897043000	14	99
2.5494330000	1.7260950000	-1.4965540000	-1.6752960000	1.3256110000	19	31
-0.8793291000	1.7260950000	-0.7580631000	0.0310011600	-0.4147051000	18	41
-1.2307940000	-1.2313880000	-1.0848280000	2.1346310000	-0.9483919000	16	91
2.6151970000	1.4572330000	-0.1218941000	-1.5682070000	1.0858320000	17	124
-0.4937793000	0.1129221000	1.0929710000	2.7826090000	-3.3770950000	5	53
-0.8805497000	1.4572330000	0.8598539000	2.1552700000	-3.2378670000	15	49
-2.1366820000	0.6506463000	3.3418050000	0.4381960000	-1.3660700000	7	134
-1.0669150000	-0.1559400000	1.7925870000	1.2364000000	-2.0931370000	15	153
-0.0040484401	0.9195084000	-1.5779620000	-0.1776123000	0.1344671000	15	155
0.1078283000	0.1129221000	-0.2234521000	-0.0647555520	0.0339153560	15	120
-1.7347690000	0.3817842000	0.3550716000	0.6760076000	-0.6467509000	3	63
-1.6703520000	-0.1559400000	1.8974330000	1.9429410000	-1.6290510000	13	106
-0.1603129000	-1.5002500000	-0.1342500000	0.1680400000	0.7532411000	30	28
-1.4935340000	-1.7691130000	0.9872658000	1.2748830000	-1.0566810000	21	150
0.9916654000	0.1129221000	-0.6076411000	0.4298232000	-0.1439825000	14	107
1.0489330000	-0.6936642000	0.3994988000	-0.1991821000	0.6526895000	21	173
-0.1244241000	0.3817842000	1.4478750000	-0.4191453000	-0.9716007000	17	125
-2.1988570000	0.1129221000	0.8064519000	1.1717040000	-1.6522530000	6	137
-0.8842431000	-0.6936642000	1.9869350000	0.9030214000	-2.2555630000	25	160
1.2430740000	0.3817842000	-0.5603356000	-0.2637035000	0.1886081000	15	118
-0.0862236690	-0.1559400000	1.0127120000	1.2328610000	-1.2345750000	13	92
0.7412561000	0.3817842000	0.1210965000	0.0471711570	0.1653993000	18	130
0.0913129080	0.3817842000	0.2915682000	0.7607747000	-0.5229872000	16	78
0.8026605000	-0.6936642000	0.3336929000	-0.2380361000	0.1112617000	25	17
-0.4385000000	2.2638190000	0.6713849000	-2.4794620000	1.1709120000	16	137
-0.6232203000	-0.4248021000	-0.6969082000	0.1741671000	0.2427526000	26	15
-0.2900641000	1.1883700000	2.2412910000	-0.1257448000	-0.1517129000	14	104
0.0875553860	0.3817842000	0.9225959000	2.0042900000	-2.3097040000	9	75
0.3135784000	0.9195084000	-1.4154260000	0.5006680000	-0.2213322000	11	115
-0.2907517000	0.9195084000	-0.3267796000	-0.4637637000	1.0626330000	24	32
-0.7497023000	1.7260950000	-0.8877184000	-0.2480804000	-0.4456443000	15	167
-0.3235762000	0.9195084000	-1.0646600000	0.5359874000	-0.5771316000	12	96
0.5463623000	0.3817842000	1.3287960000	0.2273502000	-1.0644150000	25	163
2.3095980000	2.5326810000	-0.3285397000	-1.3995730000	0.1422010000	14	103
0.6756685000	0.6506463000	0.7989076000	0.4487999000	-1.4356860000	12	93
0.6422682000	0.6506463000	-1.0720700000	-0.1906314000	0.2118099000	16	73
-0.3468007000	-0.4248021000	-1.0682890000	0.8135958000	-0.2754734000	14	86
-0.1541620000	-0.1559400000	1.1963560000	1.2505300000	-0.6544780000	11	110
-1.2013250000	-0.9625263000	-0.0161365400	0.4272288000	0.3819739000	22	152
-0.0463801320	-0.1559400000	0.9253100000	1.1233480000	-1.0566840000	9	97
-0.4020357000	1.4572330000	0.4350800000	-1.2785190000	1.1322420000	22	23
-0.0510399190	-0.1559400000	-0.4418455000	-0.4487041000	0.5212022000	18	149
-0.4943677000	0.6506463000	1.0763900000	-0.2436144000	0.1654062000	13	138
-0.4677386000	-0.6936642000	-0.8691922000	-0.4782758000	0.7455037000	18	47
-0.6783738000	0.1129221000	0.4881031000	0.3273880000	-0.2909483000	21	7
-0.4030049000	0.1129221000	0.0256976930	0.3097136000	-0.0124952370	13	49
0.1656129000	-1.5002500000	2.6353920000	1.1077290000	-1.1572360000	17	83
1.4186490000	0.9195084000	1.2499410000	-0.4637707000	-0.2522750000	19	131
-1.6434930000	-0.1559400000	0.4217510000	0.5404598000	-0.6235354000	21	15
-0.4476075000	-0.9625263000	-1.3429810000	0.1198831000	0.8228500000	24	155
1.0602420000	0.3817842000	-0.9547018000	-0.4050099000	1.0007550000	17	91
-0.0998994630	-0.4248021000	-0.7338206000	0.4285234000	-0.2213358000	21	15
-0.8487624000	-0.4248021000	-0.0082441987	0.1282437000	-0.6158082000	15	158
1.3200980000	0.9195084000	-0.8975818000	-0.6686615000	0.8615266000	15	94
-0.4771398000	0.3817842000	0.7677037000	-0.2531060000	-0.0511683110	12	92
-1.3167710000	0.1129221000	1.9724090000	1.2882710000	-1.1881720000	13	80
-0.1958547000	0.1129221000	-0.4496892000	-0.0612266810	0.0261779990	16	88
-0.9325660000	-0.4248021000	-0.9169472000	0.2200929000	0.2582205000	12	69
0.7282021000	-0.1559400000	1.9348090000	0.7276883000	-1.5130250000	18	82
0.1067324000	-0.9625263000	1.0952240000	0.6391811000	-0.3296211000	5	117
-1.3385030000	-0.9625263000	-0.7984864000	0.1481320000	0.2427491000	29	164
-1.2064160000	0.3817842000	0.4960891000	1.6263030000	-1.5749070000	4	101
-0.3906246000	0.6506463000	-0.5963753000	0.8939117000	-1.3041910000	14	128
0.0723132790	1.1883700000	-0.3592247000	-1.2491450000	0.9543443000	21	158
-0.4610617000	1.9949570000	2.2297680000	-1.1606370000	-0.4920512000	30	164
1.1636420000	-0.1559400000	-0.5318125000	0.1059294000	0.4515862000	19	60
-0.0389165840	1.4572330000	-0.5973200000	-0.9075809000	-0.2986786000	18	158
2.0725370000	1.7260950000	1.2036860000	-0.1385708000	-1.0489440000	13	100
0.1494457000	0.3817842000	1.1344510000	-0.0482049700	-1.2345820000	25	19
0.4213169000	0.9195084000	0.5689645000	-0.6474710000	-0.1981306000	15	91
0.1445582000	-0.4248021000	-0.9090585000	-0.7549331000	1.4957720000	24	140
0.2724146000	1.4572330000	-0.4572448000	-0.2964221000	0.4438489000	30	26
-0.7611980000	2.8015430000	0.4225546000	-1.4395320000	0.2427491000	21	169
0.2456748000	2.0150380000	-1.0526310000	-2.5192790000	2.0131650000	18	128
1.9649220000	1.2403210000	-1.1308330000	0.5252317000	-1.2370960000	10	101
1.5560660000	0.0782463850	0.1133237000	0.7935978000	-1.0678070000	13	62
-1.0954570000	-0.6964703000	-0.7445312000	0.5928132000	-0.1198142000	25	176
-1.6121070000	0.8529630000	-0.8781430000	0.9406402000	-1.5079460000	14	96
-0.4109793000	1.6276800000	0.6156201000	-1.3301470000	0.8484881000	16	9
-1.1511590000	0.4656047000	-0.6386300000	1.8772390000	-2.1580000000	10	107
-0.9779292000	2.0150380000	-0.0584075670	-2.4924140000	2.0402510000	30	152
-1.0123860000	-1.0838290000	-0.1586115000	0.6375019000	-0.2417021000	19	23
1.6108840000	1.6276800000	2.1569920000	-0.5618045000	-0.1062697000	10	41
-0.3215947000	-0.6964703000	0.2036377000	1.2053340000	-0.9662344000	19	27
-1.0101700000	0.8529630000	-0.2047285000	0.0648483340	-0.4245264000	21	2
0.0585455260	0.4656047000	1.3555450000	1.0175700000	-1.2370960000	14	92
0.1873098000	-0.3091120000	-0.9984317000	0.3815760000	0.0359242600	21	144
-0.7105224000	0.8529630000	-0.6076623000	0.0970787700	-0.2552435000	15	77
-0.3319279000	1.6276800000	2.6308590000	-0.4597283000	-0.4583859000	10	123
1.2536580000	0.8529630000	0.9623232000	-0.2306557000	-0.2417020000	15	117
-0.4007086000	1.6276800000	-0.7969788000	-1.1582140000	0.4896103000	18	69
-0.4646147000	1.6276800000	0.6086718000	-0.5940487000	-0.2891001000	14	67
-1.0317550000	0.4656047000	3.7548450000	1.9847080000	-2.4559420000	0	87
-1.1552880000	-0.6964703000	-0.4854172000	0.8937025000	-0.5667264000	15	78
-0.3848902000	0.8529630000	-0.5035796000	-0.2790120000	0.2119808000	24	21
1.4480460000	-0.3091120000	1.2541080000	0.5696210000	-0.6344394000	15	68
-0.2277251000	-1.0838290000	0.1367061000	0.7879344000	-0.1943011000	26	19
1.1726820000	1.6276800000	2.4224670000	-0.7552418000	0.0494686810	21	6
-0.1645456000	0.8529630000	0.6203717000	0.6558815000	-1.1896920000	10	57
2.2184710000	-0.6964703000	-0.4802426000	0.8292302000	-0.3364950000	22	14
-0.0784509030	-0.3091120000	1.0738980000	0.5481368000	-0.6344395000	15	72
0.4691612000	-0.3091120000	-1.2357220000	-0.1342367000	0.5099192000	30	162
-0.8002171000	0.4656047000	-0.2222609000	-0.3471772000	0.3067829000	23	171
-1.0134840000	0.4656047000	-0.7601466000	0.1149062000	-0.4990132000	16	16
-1.6065200000	0.0782463850	-0.8230710000	-0.9741309000	1.5324030000	23	154
0.7620021000	0.8529630000	1.2176390000	0.7687021000	-1.5011780000	11	77
1.2335240000	0.8529630000	-1.2401450000	-0.2199198000	0.1645859000	16	109
-0.4905532000	0.0782463850	0.1268879000	0.2616720000	-0.4245263000	24	155
-0.9894610000	0.0782463850	0.4965469000	1.4437280000	-1.3657460000	10	117
1.3899010000	0.8529630000	0.7631413000	-1.3052610000	1.3292630000	18	106
0.3693765000	-0.3091120000	-1.2857850000	0.5051525000	-0.2755556000	16	97
0.9821249000	0.0782463850	-0.8326559000	-0.4045894000	0.4422123000	22	32
-0.7693325000	-0.6964703000	-0.6125628000	0.2489466000	0.2661527000	22	153
2.7490510000	0.4656047000	-0.5847247000	-0.6856808000	0.4828396000	18	41
1.5329440000	-0.6964703000	-0.9436582000	0.0555183110	0.4422091000	16	91
-0.6569583000	0.8529630000	-1.0418910000	0.2636439000	-0.3500425000	16	32
-1.0643760000	1.6276800000	-1.2192540000	0.3193603000	-0.7021527000	14	36
0.5596330000	0.4656047000	-0.5358933000	-0.8361195000	0.7672334000	30	112
1.9643560000	0.4656047000	-0.7618114000	-0.0731582640	-0.0046969024	16	82
-0.9102712000	0.0782463850	-0.4754869000	-0.6356182000	0.7062940000	17	80
2.3999160000	2.0150380000	0.3438123000	-1.6166120000	0.8078638000	30	107
1.1384730000	0.4656047000	-0.9528636000	-1.2122190000	1.2141490000	28	156
0.9883146000	-0.3091120000	2.0856520000	1.0370680000	-1.1558390000	12	48
0.2399967000	-0.6964703000	-0.9119566000	1.1623600000	-0.7766396000	20	22
-0.6158128000	0.0782463850	-0.6945389000	-0.8774086000	1.1938340000	20	171
-1.6770270000	-0.6964703000	-0.4778764000	0.0877639800	0.6859789000	23	23
-1.0421100000	0.0782463850	-0.2495784000	-0.7054701000	0.9636053000	30	15
-1.3454780000	0.4656047000	-0.3649317000	-0.2021119000	0.2797001000	20	47
0.4918690000	0.0782463850	0.4292357000	-0.0660800490	0.1781273000	22	154
0.3284055000	0.8529630000	-0.9411263000	-0.6175156000	0.6318041000	22	178
-1.4269550000	0.0782463850	-0.5332270000	0.5786910000	-0.8646680000	9	39
2.1137120000	-0.3091120000	0.1056555000	0.3332149000	-0.1401292000	14	80
0.3660427000	0.8529630000	-1.0149450000	-0.3058938000	0.7807779000	24	13
-1.0492330000	-0.3091120000	-1.0038480000	0.2365002000	0.2119840000	15	166
0.9467741000	0.0782463850	0.7132153000	-0.3723494000	0.3067799000	20	140
-0.5151991000	-0.3091120000	1.1615860000	0.2365055000	-0.1469061000	11	32
0.4035966000	0.8529630000	-0.1614356000	-0.3864802000	-0.1536738000	18	155
-1.2036880000	1.6276800000	0.9069339000	-0.9432877000	0.6318043000	15	10
0.3930301000	-0.6964703000	-1.1765830000	0.4961028000	-0.2552465000	16	82
0.2384918000	-1.0838290000	-0.9919413000	0.9813680000	-0.2890970000	24	4
0.3717326000	-0.3091120000	0.4604263000	1.4669180000	-0.9797820000	15	86
-0.3772387000	1.6276800000	-0.3727153000	-0.4221069000	-0.0724161340	12	85
0.0652628840	0.0782463850	0.9843444000	0.1649540000	0.1916718000	20	23
-1.1280440000	0.4656047000	0.5220435000	0.8456323000	-0.8104962000	3	42
-0.5118986000	0.4656047000	-1.1532510000	-0.2934574000	0.3948111000	25	20
-0.5207408000	-0.3091120000	2.0053240000	-0.1557217000	0.7062911000	16	154
-0.2053372000	0.0782463850	-0.4365608000	0.3476460000	-0.1062727000	16	161
-0.9769526000	-0.6964703000	-0.4707298000	0.7432652000	-0.5667295000	16	176
1.9499300000	0.8529630000	-0.2960699000	-1.0849670000	1.2209190000	14	97
-0.2988747000	1.6276800000	-0.2400584000	0.0292178040	-0.6412132000	21	162
0.5085720000	0.8529630000	-0.7147099000	-0.0748445020	-0.2010717000	22	30
-1.2717460000	0.0782463850	-0.5106607000	-0.4260687000	0.4422061000	30	175
-1.4328900000	0.0782463850	-0.8823473000	0.2777994000	-0.2687910000	22	171
-0.2047803000	3.5644710000	-0.5216784000	-2.0371160000	0.8214083000	27	146
0.2604612000	1.2403210000	-0.7978510000	-1.3176960000	0.8823507000	22	174
-0.2824917000	0.4656047000	2.2989760000	0.3459407000	-0.4312969000	12	62
0.1058375000	-0.6964703000	1.4453340000	0.5659495000	0.1104081000	25	30
1.5358720000	1.2403210000	-0.3704475000	-0.9147292000	0.7198325000	25	161
0.0272532850	-0.3091120000	0.0077265855	-0.0643847660	0.5911738000	22	12
0.5096025000	0.4656047000	-0.9011310000	0.8080241000	-0.7630982000	16	23
0.5240296000	2.0150380000	-1.1356940000	-0.5688879000	-0.3297334000	14	129
-1.1064040000	1.2403210000	-1.2313340000	1.0893880000	-1.9819470000	1	81
-0.2958769000	0.0782463850	0.6789355000	0.7720989000	-0.8985274000	19	46
0.0474238840	-1.4711870000	0.5917295000	1.0636650000	-0.5328729000	16	50
-1.5884600000	-1.0838290000	0.2511099000	-0.3403808000	1.0177770000	23	24
-0.4077757000	-0.3091120000	-1.1475790000	0.3224647000	0.1036405000	16	113
-0.9555740000	1.2403210000	0.8044240000	0.2619529000	-0.3568131000	11	115
2.7133140000	-0.3091120000	-1.1576870000	0.2365069000	0.0020707448	25	23
1.9103530000	0.0782463850	-1.1985870000	-0.5227829000	0.5911769000	22	83
-0.3777989000	0.4656047000	0.1463006000	1.0712940000	-1.5147190000	11	42
-0.2693612000	0.8529630000	0.0412180800	0.7848347000	-1.4131560000	10	81
-0.6534625000	0.4656047000	-0.7994462000	1.1089110000	-1.3251280000	17	175
-0.3131928000	0.8529630000	-0.8424923000	0.2152870000	-0.2417051000	20	11
-0.9433450000	0.8529630000	-1.2250440000	-0.4993117000	0.4625244000	16	50
-0.4744359000	0.0782463850	-0.8065451000	0.8527052000	-0.7427859000	17	116
1.8984970000	-1.0838290000	-0.2256578000	-0.5338034000	1.2344550000	18	77
1.1706320000	0.4656047000	0.6599686000	-0.0570323320	-0.0317918580	16	130
-1.4002520000	-0.3091120000	0.6254019000	-0.3921378000	0.8281759000	23	140
2.6695480000	-0.3091120000	1.2119240000	1.4561630000	-1.1287500000	9	49
0.1337558000	1.6276800000	-1.0232240000	-2.7647320000	3.0830430000	30	41
-0.1856019000	-0.6964703000	0.1855444000	0.2811756000	0.2052102000	23	21
0.7057213000	1.2403210000	-0.9975158000	1.3956520000	-1.7788080000	9	108
-0.4474987000	1.2403210000	-0.0442634860	-0.3237074000	-0.4516152000	17	25
0.9196745000	-1.0838290000	-0.4222946000	-0.5338082000	1.4714600000	29	162
-0.9140325000	0.8529630000	0.2720139000	-1.1709350000	0.9026628000	21	153
-0.3935293000	1.6276800000	-0.5427993000	-0.0674906450	-0.6750668000	20	175
-1.0132520000	-1.4711870000	-0.1826491000	1.6869270000	-0.8240405000	20	167
-0.3419919000	-1.4711870000	0.2744233000	2.1490060000	-1.5418080000	16	28
-0.6558574000	0.0782463850	2.5217330000	1.4652130000	-1.5418060000	6	65
1.3883440000	1.6276800000	0.5759583000	-0.6800232000	-0.1333586000	13	89
0.8453291000	0.8529630000	-0.1522219000	0.1561948000	-0.6818405000	14	135
0.2807149000	-1.0838290000	-0.6268244000	1.3413600000	-0.9730052000	16	89
0.6010661000	0.4656047000	-0.8193382000	-0.6802984000	0.5708678000	21	31
0.3842270000	-0.6964703000	-1.0856930000	1.3396700000	-0.8240436000	22	25
1.4254400000	0.4656047000	0.0577616280	-0.5083660000	0.5370051000	30	105
1.5241040000	-0.3091120000	0.1831276000	0.4084440000	-0.4177556000	17	83
-0.0720519720	0.4656047000	-1.2290590000	-0.7501460000	1.0245510000	26	164
-1.0173670000	1.2403210000	2.6694630000	1.2989280000	-1.9887140000	6	52
0.9059032000	1.2403210000	0.0711528580	-1.1189070000	0.6588930000	21	129
-0.7155170000	0.0782463850	0.1596645000	0.4336110000	-0.1198141000	19	28
0.6434839000	0.0782463850	0.4015566000	0.3530142000	0.0291505210	23	32
1.1772940000	1.2403210000	-0.9338069000	-1.1565190000	1.0245440000	30	27
0.1551994000	0.4656047000	0.9619933000	0.8617539000	-0.9797851000	13	104
0.6284231000	2.4023960000	1.6289160000	-2.2738190000	1.3495720000	15	171
-0.1461578000	2.7897550000	0.8243102000	-1.3943410000	0.3406333000	14	166
-0.5460884000	1.2403210000	-0.6423968000	-0.4472734000	-0.1875304000	19	155
0.1804457000	2.4023960000	0.5810656000	-0.8016273000	0.0291566230	21	27
-0.6649992000	0.0782463850	0.3932287000	-0.2917388000	0.4828365000	14	45
-0.8607865000	-0.3091120000	-0.9270906000	0.5803763000	-0.4516122000	23	12
0.5709288000	0.8529630000	-0.2354493000	-0.3488734000	0.1442677000	18	141
0.6765566000	0.0782463850	-1.2581730000	-0.4529362000	0.8620356000	17	109
-0.9002312000	1.2403210000	-0.8922690000	-0.0765493140	0.0562425140	17	57
-0.7814658000	0.8529630000	2.7294170000	-0.9345285000	0.8010930000	17	170
-0.0004511081	0.8529630000	0.3167085000	-0.8646814000	0.6859851000	27	161
0.4007018000	1.2403210000	-0.2877911000	-1.6508230000	1.6339720000	29	14
1.4383610000	-0.3091120000	-0.8052770000	1.4884080000	-1.2303190000	14	92
-0.9614905000	-1.8585450000	-1.2962860000	0.3614968000	0.5031547000	16	162
0.0487749760	0.0782463850	0.2313429000	-0.3293641000	0.2796940000	17	27
2.1188090000	1.6276800000	-1.0769420000	-1.1743270000	1.0313160000	17	79
-0.2357359000	0.8529630000	0.3463506000	0.5913921000	-0.9120659000	11	102
1.0407000000	0.0782463850	0.4561467000	0.0789900050	-0.0182444490	23	23
-1.4977330000	0.8529630000	1.5111900000	-1.0419970000	0.9094365000	18	47
-1.5910520000	0.8529630000	-0.3107255000	-0.1823088000	-0.0927312670	19	63
-0.7648825000	0.0782463850	1.1219980000	-0.2004114000	0.1848950000	21	8
-0.0117542950	0.4656047000	0.1465824000	-0.1215004000	-0.0047029690	15	91
-0.6428239000	-1.4711870000	-0.5288566000	0.7412743000	0.3948143000	19	160
-0.4120532000	-1.4711870000	0.0413723660	0.5209789000	0.1510445000	19	17
-0.1887878000	0.0782463850	2.2293510000	-1.4308230000	1.9183720000	24	170
0.2421782000	0.4656047000	-1.2100340000	1.7429180000	-1.9887170000	9	104
-0.3252684000	-2.2459030000	-0.9590399000	0.8790062000	0.6318071000	24	5
-0.1181916000	-2.2459030000	4.3032480000	-0.7114043000	2.1418300000	27	173
-0.9321311000	-0.3091120000	-0.3857680000	0.6502230000	-0.5531850000	20	57
-0.4502697000	-0.3091120000	0.6811634000	1.3594590000	-1.1084380000	19	155
-1.3906540000	-1.0838290000	-0.7625043000	1.0136070000	-0.5057840000	28	159
0.6047224000	0.8529630000	-0.5316509000	0.0272368750	-0.5193315000	13	64
-0.0435878900	1.6276800000	0.5586591000	-3.5706870000	3.5299610000	30	145
-0.3506744000	-1.4711870000	1.5755470000	-0.9082175000	1.8845160000	30	19
-1.1867530000	0.0782463850	-0.9916450000	1.1320870000	-0.9256072000	12	70
-0.6537435000	-0.3091120000	-0.7461042000	0.1182934000	0.4015820000	24	43
1.0632060000	0.8529630000	-0.6816338000	-0.1393187000	-0.0995019900	24	7
-0.2017553000	1.2403210000	-0.5580526000	-1.8818770000	1.6001190000	30	143
-0.0782940460	1.2403210000	-1.2335910000	-1.7744190000	1.6272010000	26	173
0.1001712000	0.4656047000	-0.7637642000	-1.8301240000	2.0199420000	19	8
-0.7461951000	1.2403210000	0.9567747000	0.2297186000	-0.8511264000	14	54
0.2937120000	0.4656047000	-0.6047006000	-0.7609104000	0.8010994000	30	165
1.9431950000	1.6276800000	0.0977187310	-0.5349470000	-0.2958708000	13	90
-1.2553070000	-1.0838290000	-0.9868394000	0.6965941000	-0.0994959400	25	7
0.1690210000	-1.0838290000	2.3537440000	-0.4747112000	1.1870600000	30	165
-0.1186645000	0.4656047000	-0.7237185000	0.8993668000	-1.0474950000	22	163
-1.0467090000	0.4656047000	0.5780255000	-1.1907350000	1.7084590000	30	111
-1.5092690000	0.0782463850	0.8513949000	-0.4583087000	0.4422092000	20	171
1.1980860000	0.8529630000	0.0480273290	-2.0198790000	2.1418300000	29	168
-0.2235766000	-0.6964703000	0.3018574000	1.1301110000	-0.5599496000	16	67
-0.9623973000	1.2403210000	-1.2799940000	-1.4251700000	1.0042320000	27	10
1.8402430000	0.0782463850	-0.6143985000	-0.3562216000	0.3541810000	21	51
0.2910534000	0.0782463850	-0.6558093000	0.2025560000	-0.3026414000	14	43
0.0764022620	-0.6964703000	0.5010602000	1.7694960000	-1.1558330000	10	110
-0.1652374000	0.4656047000	-0.0321448110	0.6253321000	-0.6953850000	15	96
1.3366420000	1.2403210000	-0.9490965000	0.0953830110	-0.4786980000	14	123
0.7586887000	-0.3091120000	-1.1572120000	0.5750048000	0.1036344000	20	150
-0.9027008000	0.0782463850	-0.2805606000	0.3906109000	-0.2010717000	14	45
-0.5380649000	0.8529630000	0.1785967000	0.5322961000	-0.6615254000	19	28
0.3950137000	0.0782463850	-1.2140830000	1.1589540000	-1.1287470000	18	43
-0.7324896000	1.2403210000	0.1560671000	-0.3613041000	-0.0588748230	21	156
-0.9405604000	-1.0838290000	1.9110750000	0.7986793000	-0.4854657000	13	37
-1.0113560000	-0.6964703000	-1.0387260000	0.9689273000	-0.4922395000	20	164
0.3669336000	0.4656047000	-1.1397760000	0.2868490000	-0.6479840000	20	13
-1.3751710000	-0.6964703000	0.1232336000	-0.7181869000	1.3360340000	30	19
0.1664710000	-0.3091120000	0.5509276000	0.7630635000	-0.6005891000	21	50
-1.4900790000	0.4656047000	-1.2899390000	0.3029616000	-0.7360093000	19	63
0.0293869190	2.0150380000	-0.1791359000	-1.2834900000	0.5776324000	16	62
0.9964889000	0.0782463850	0.5067073000	-0.4368131000	0.6927464000	22	32
-0.1905130000	0.0782463850	-1.1029670000	0.6968840000	-0.5870446000	14	90
-1.3370990000	-0.3091120000	0.3425217000	1.8269260000	-1.6027480000	11	41
1.7875650000	-0.3091120000	0.1140254000	1.6119890000	-1.3657490000	11	118
1.3715940000	-1.8585450000	-1.1002090000	1.0277490000	-0.2687849000	17	102
-0.7652987000	-1.0838290000	-1.0686880000	1.2392790000	-0.8240376000	25	11
1.3103300000	1.2403210000	0.6526626000	0.6864248000	-1.2574080000	14	58
-0.6239283000	0.4656047000	-1.2576460000	0.0558039510	-0.4245294000	13	135
-0.5108132000	0.4656047000	1.1930020000	0.2653396000	-0.6886113000	11	72
0.0338973440	0.8529630000	-1.1800320000	1.2683930000	-1.7449510000	10	90
-0.8734782000	-4.1826950000	0.0121070150	0.7854017000	1.8438850000	24	163
0.6714116000	0.0782463850	0.8421620000	0.0145053280	0.0968666900	20	167
-1.1861160000	1.2403210000	-1.2556470000	-0.7535370000	0.3880374000	19	148
-0.4529408000	-0.6964703000	-0.2500590000	0.7969850000	-0.6344395000	18	14
-1.3361050000	0.4656047000	1.2673590000	0.5447406000	-0.8308113000	13	154
-0.8903970000	-1.4711870000	-1.0965110000	0.1717409000	1.3089450000	26	143
-0.7260444000	-1.4711870000	-1.0189370000	-0.3601887000	1.9657700000	30	30
-0.4247968000	0.4656047000	0.0869915860	0.2116103000	-0.3635869000	14	94
0.2486560000	0.0782463850	-0.0567815010	-0.1735391000	0.5979537000	15	108
-0.1120116000	-0.3091120000	-0.4489568000	1.3916940000	-1.4740920000	14	91
0.6967517000	-0.3091120000	0.6732281000	-0.5694482000	1.0584040000	26	13
-0.0784294900	0.0782463850	-1.2304760000	0.3583819000	0.0156121650	21	42
-0.6291938000	0.4656047000	-0.1849705000	0.0020841763	0.4151202000	19	6
0.8466527000	0.8529630000	0.1941299000	1.0588530000	-1.4808660000	7	108
1.2804490000	2.0150380000	-0.7192265000	-1.4124440000	0.5505527000	14	124
-0.9650337000	0.4656047000	1.3050980000	0.5662261000	-0.7901840000	23	27
1.2559060000	0.4656047000	0.5854157000	-0.3686670000	0.5370080000	21	159
-1.0531940000	0.0782463850	-0.0506924800	-0.2863754000	0.4083526000	22	22
-0.2494784000	-0.3091120000	0.4452478000	0.0591907170	0.2864616000	20	159
-0.1808937000	0.0782463850	0.1861076000	0.1488314000	0.1713506000	18	94
0.2212062000	0.4656047000	-0.2519566000	0.2975886000	-0.4786980000	15	74
1.3468920000	-1.4711870000	-1.0942920000	0.6768091000	0.3474133000	17	116
0.4023236000	-0.3091120000	0.9658572000	1.0531910000	-0.6818375000	12	123
-1.2882180000	-0.3091120000	1.2132400000	1.1606490000	-0.7698719000	16	164
-0.1038529000	-0.3091120000	-1.2307520000	0.8866352000	-0.9459255000	13	89
-1.3043570000	1.2403210000	0.5611411000	0.5628346000	-1.2912650000	10	79
-0.0646773870	-1.4711870000	-0.4323665000	0.8379975000	0.0291535020	13	136
-0.5613394000	-0.6964703000	-0.2068860000	0.3402821000	0.0697838520	30	115
-0.3017305000	1.2403210000	-1.0395470000	0.0308988090	-0.5802708000	14	71
0.0710091960	-1.0838290000	0.1211628000	1.0458320000	-0.6005829000	15	115
-0.4721386000	-0.3091120000	0.1251125000	1.5743760000	-1.4740920000	11	39
-0.0874069850	0.4656047000	-1.0373720000	0.1739932000	-0.0114767900	15	86
0.6531053000	-0.3091120000	-1.2158830000	-0.0106459440	0.2796939000	21	29
-0.8846014000	-0.6964703000	-1.1464290000	0.7647545000	-0.1672182000	17	48
2.2845610000	-0.3091120000	-0.2842375000	1.1552870000	-0.9391486000	16	50
-0.6169091000	0.8529630000	-1.0035490000	-0.0802169590	0.1171819000	26	144
1.0673520000	0.0782463850	1.4115070000	-0.1628047000	0.2187546000	15	51
1.0615250000	0.0782463850	0.2673471000	0.4443468000	-0.4990133000	15	107
0.3234338000	0.0782463850	1.0634250000	-0.3024928000	0.4625244000	17	32
1.3155590000	-0.3091120000	0.2458786000	0.6555959000	-0.3771253000	23	30
-0.1117903000	2.4023960000	-0.5286261000	-1.8386070000	0.8010900000	14	103
0.5569972000	0.4656047000	0.9997793000	0.5393633000	-0.6073537000	9	56
-0.2167128000	0.4656047000	-0.9842494000	0.6736894000	-0.4651567000	15	163
-0.0775719360	0.4656047000	-1.1955520000	-0.6534413000	0.5099223000	23	30
-0.7106267000	0.0782463850	0.5317028000	1.5619460000	-1.5485790000	10	117
1.0986540000	0.4656047000	-0.6519536000	0.3298229000	-0.3635869000	13	95
-0.6549932000	0.8529630000	0.5856858000	0.0164919680	-0.2958768000	15	114
-0.4972421000	-0.6964703000	0.2370561000	1.0871360000	-0.6412103000	18	103
1.0527330000	0.4656047000	-0.6370103000	-0.0946428400	0.3000091000	16	116
-0.8147449000	1.2403210000	0.2479489000	0.6488081000	-0.8375819000	12	130
-0.0074847946	0.8529630000	-0.1690101000	-0.3864858000	0.6995141000	24	155
-0.2324780000	0.4656047000	-0.7563463000	0.0719170270	0.1442678000	18	56
-0.6429153000	0.0782463850	1.2191300000	-0.9741218000	1.0651780000	27	165
-1.0302820000	0.0782463850	2.2183210000	2.8568320000	-3.0924520000	6	98
0.4028890000	0.4656047000	-0.9192543000	0.4426501000	-0.3500393000	15	93
-0.5242648000	-2.2459030000	0.4344731000	1.1261630000	-0.1739859000	20	149
-1.0277370000	2.0150380000	1.0028910000	-2.0733280000	1.5662560000	29	165
0.9056562000	0.4656047000	-0.7266044000	0.4426587000	-0.4854749000	13	81
-0.6868788000	-0.3091120000	-0.2036874000	0.9242419000	-0.6547577000	14	79
-1.5756550000	0.0782463850	-0.1719890000	-0.1198203000	0.5302374000	18	161
-0.4736880000	-1.0838290000	-0.9236492000	0.5139169000	0.4625275000	25	24
-1.6207540000	0.4656047000	-0.4170742000	-0.0086602550	-0.0927312970	19	163
-0.7493140000	-0.3091120000	-0.6747082000	0.7630631000	-0.0927283390	20	7
-0.3489726000	0.4656047000	-0.2829891000	-0.9758223000	0.8755739000	22	160
-0.6339740000	0.0782463850	-0.0096170297	1.2234370000	-1.1829270000	13	88
0.4411053000	-0.6964703000	0.7244658000	1.2429470000	-0.9865527000	14	84
-0.0614255780	0.0782463850	0.2034280000	0.8526947000	-1.0813520000	16	107
0.1123661000	0.8529630000	-0.1645108000	0.1400736000	-0.5599557000	20	6
0.8156871000	1.2403210000	0.4914393000	-0.1463912000	-0.6750728000	11	11
-1.1023030000	1.6276800000	1.6359800000	0.6686069000	-1.4944110000	9	90
-0.0952523800	0.4656047000	-0.6942403000	-0.0570323320	-0.0521040410	15	26
1.8162750000	0.0782463850	0.6539875000	-0.5872571000	0.6453424000	20	57
1.0291300000	-0.3091120000	0.7775759000	0.2257515000	0.3609484000	16	125
-0.5968961000	-0.3091120000	-1.1149900000	1.0370780000	-1.1829180000	14	87
-0.8961388000	-0.6964703000	-0.6448098000	0.4316291000	0.3677255000	17	112
-0.8684061000	0.0782463850	0.6876587000	1.2019480000	-0.8714415000	11	49
-1.5776260000	2.0150380000	0.7907352000	-0.9987265000	0.2796972000	19	31
-1.0032380000	-0.3091120000	-0.7952633000	1.0693220000	-0.7021558000	19	60
-0.0211666110	0.8529630000	-0.6153643000	-0.3005166000	-0.1943040000	17	156
0.1054154000	1.2403210000	-1.0180620000	0.1383774000	-0.1943040000	15	118
0.1837308000	-1.4711870000	-0.0102905340	0.4189080000	0.8010900000	22	10
1.0767390000	1.6276800000	0.8062268000	-0.6907629000	0.0562393810	14	66
-0.8288870000	1.6276800000	-1.0524220000	0.0453304050	-0.5735002000	15	133
-0.2591772000	1.2403210000	0.3333357000	-0.4150577000	0.1578092000	17	14
0.6224268000	-0.6964703000	-0.4906412000	1.7695000000	-1.2235550000	16	175
-0.0512236240	-0.3091120000	2.1793110000	1.2412360000	-0.9188365000	10	61
-0.3861895000	-0.3091120000	-0.3089292000	0.6932164000	-0.7224709000	7	148
-1.7708630000	1.2403210000	0.5542637000	0.1276373000	-0.9526962000	10	87
0.6011911000	0.4656047000	-0.0061629037	0.1095290000	0.0697808940	23	43
0.5363164000	2.0150380000	-1.2719720000	-1.8154270000	1.5933480000	30	154
1.0975870000	-0.3091120000	0.3288422000	0.1935163000	0.4286678000	24	162
1.8328160000	0.0782463850	-0.4308902000	-0.8559136000	1.1599770000	26	14
-0.3132791000	0.0782463850	-1.1308980000	0.5733134000	-0.0588777770	15	75
0.7612194000	0.4656047000	0.2336560000	1.3614310000	-1.3183480000	12	70
-1.0729240000	1.2403210000	0.8104514000	0.3264366000	-0.9256163000	10	18
0.6421145000	0.0782463850	0.1468551000	0.0789790530	-0.1469000000	12	105
0.0117891070	0.4656047000	0.0077120699	1.1196460000	-1.3386570000	12	97
1.1640220000	0.8529630000	1.8002590000	0.9675172000	-1.3657520000	12	112
-1.8269660000	2.0150380000	-1.2956510000	-0.4506787000	-0.6005829000	13	86
-1.5471850000	1.2403210000	-0.8370512000	0.4929889000	-0.8037224000	9	74
0.9295633000	-0.3091120000	-0.4929785000	-0.0482726400	0.3406333000	18	108
1.1746520000	-0.3091120000	-0.9095899000	0.7952883000	-0.2958708000	26	169
-1.2776990000	1.2403210000	-0.2014691000	0.5467272000	-1.2303220000	11	79
-0.5452588000	-0.3091120000	-0.8482105000	0.1559092000	0.1036435000	24	14
-0.8885631000	0.4656047000	-0.9531905000	-0.1483774000	-0.0994959030	18	61
-0.5245679000	1.6276800000	-0.0989411320	-0.7659910000	0.5708647000	21	156
-0.0867521320	1.6276800000	-0.5485003000	-0.2555603000	-0.4719274000	18	42
-0.8395562000	0.8529630000	-0.8289036000	-0.5046789000	0.4625244000	20	128
0.4298016000	0.8529630000	-0.4605668000	0.6720075000	-1.1693830000	20	12
-0.8955514000	1.2403210000	0.4287306000	0.2028559000	-0.7698720000	13	54
-1.8038550000	0.4656047000	-0.9268369000	0.4265323000	-0.3297273000	21	21
1.1662490000	0.4656047000	0.2249260000	0.3244457000	-0.3161859000	19	19
1.8273980000	1.2403210000	-1.1316740000	-0.6998120000	0.6521194000	13	128
-0.1235051000	-0.6964703000	-0.4193592000	0.6035619000	-0.2417021000	15	103
-0.1192896000	-1.4711870000	-0.3561617000	1.1335060000	-0.1265848000	24	16
0.2917102000	-1.8585450000	0.6488487000	0.9793923000	-0.0588747710	19	46
0.1221327000	-0.6964703000	0.4322833000	-0.6644619000	1.3563460000	20	131
-0.6894650000	-0.3091120000	1.6952580000	0.6018761000	-0.6750668000	15	114
-0.5501722000	-0.3091120000	-0.7187877000	-0.0697624530	0.3203304000	25	156
0.0890423510	0.4656047000	1.0973350000	0.9208556000	-1.2980360000	12	123
-1.7464240000	0.8529630000	3.6283350000	1.8379310000	-2.7403360000	3	60
0.6057663000	2.4023960000	-0.9751006000	-1.1938350000	0.3067829000	18	81
-0.8242446000	1.2403210000	-0.9509821000	-0.1356468000	-0.2552404000	19	169
-0.8176757000	-1.8585450000	-0.1078017000	0.2110481000	1.1193500000	28	22
-1.0132900000	0.8529630000	-0.7535434000	-0.6981167000	0.3744991000	20	12
-1.4887220000	0.4656047000	1.1842970000	-0.0946442710	-0.0250181500	15	96
3.3551120000	1.2403210000	-0.9084231000	-1.4788990000	1.2615440000	16	130
-1.1999640000	-0.3091120000	0.0502647610	2.4233060000	-2.1512300000	5	72
-1.6110460000	0.8529630000	-0.4945334000	-0.3381343000	-0.1469030000	9	25
0.1155237000	1.2403210000	-0.1397302000	0.0846428650	-0.2620143000	14	90
0.0945464220	0.8529630000	-0.9633718000	-0.5906586000	0.6318072000	23	8
-0.2944452000	-0.3091120000	0.7400566000	2.1170570000	-2.3340570000	6	80
0.7634823000	1.2403210000	-0.4778713000	-0.6675721000	0.4760689000	25	7
-0.5395877000	-0.3091120000	-0.4153801000	0.8758841000	-0.7698658000	12	78
-0.9089537000	0.8529630000	0.3152518000	0.6881110000	-1.2574080000	11	111
-0.4756299000	-0.3091120000	-0.9195057000	0.1935211000	-0.0927282650	15	6
0.1686959000	2.0150380000	-0.8680929000	-1.4930350000	0.7401477000	16	93
1.4550020000	1.6276800000	-0.6182348000	-0.8250890000	0.7807749000	15	154
1.2297520000	0.8529630000	-0.5013644000	0.2582714000	-0.5396466000	21	149
-0.3914157000	1.6276800000	-1.2831800000	-0.8143436000	0.2729233000	18	130
-0.5452201000	0.0782463850	2.4348230000	1.1052240000	-1.1693800000	13	47
-1.4692150000	0.4656047000	-0.5117427000	-0.9596945000	1.0516340000	30	156
0.0591538770	2.7897550000	-0.7119484000	-1.1095770000	0.2729202000	21	171
0.6503341000	2.4023960000	0.7219480000	-1.2690590000	0.3406395000	17	47
-0.9376476000	0.4656047000	-0.1277585000	0.2653496000	-0.7563244000	22	17
0.4372526000	0.0782463850	0.3828369000	-0.5227824000	1.0448570000	26	154
-1.5741060000	-0.6964703000	0.7105490000	1.0602690000	-0.1130435000	15	84
-0.6666754000	0.0782463850	0.1287854000	0.3476408000	-0.1265879000	14	14
-1.3527450000	1.2403210000	-0.6428906000	0.1276225000	-0.1807566000	14	103
0.4679119000	0.0782463850	-1.1901080000	0.0145058040	0.2796969000	16	88
0.9986207000	0.4656047000	0.8327762000	2.3178340000	-2.7877340000	7	151
-1.5762640000	1.6276800000	-0.2416604000	-0.4436062000	-0.3838990000	12	82
1.9475300000	2.4023960000	-1.2712690000	-2.3812730000	1.5933420000	20	35
-0.9818557000	1.2403210000	0.9458763000	-0.7427859000	0.1848919000	16	71
-0.3707265000	0.8529630000	-1.2612510000	0.4624442000	-0.9391517000	13	86
-1.1124220000	0.8529630000	1.4798570000	0.1830575000	-0.6750730000	21	161
1.3254250000	0.0782463850	0.0614698570	0.6485220000	-0.5260960000	15	49
1.8815620000	1.2403210000	-0.4842822000	-0.5762408000	0.2119808000	13	106
-0.3034845000	0.8529630000	0.5861868000	0.3334872000	-0.4313001000	14	166
0.3719730000	-0.3091120000	-0.6102355000	1.4293060000	-1.2573990000	16	148
0.0034931318	-0.3091120000	-0.8343573000	-0.2739352000	0.8620356000	26	167
-0.6374919000	-0.6964703000	1.6982600000	0.1575954000	0.1916718000	26	18
-0.5179128000	0.0782463850	-0.2666189000	0.8795666000	-1.1761510000	19	13
1.4857560000	-0.3091120000	-0.3736987000	0.1182925000	0.2119809000	20	22
-0.6045734000	-0.6964703000	-0.2197081000	-0.5892380000	1.1125790000	23	161
-0.4647242000	0.4656047000	3.4144070000	1.8020260000	-2.6252250000	9	93
-0.8388134000	0.8529630000	1.8136350000	1.5477910000	-1.7246360000	4	85
1.8355030000	2.0150380000	-1.0856740000	-0.8805131000	0.2390666000	23	168
-0.2805476000	0.0782463850	-1.1031030000	0.5249417000	-0.3703576000	14	107
-0.1010956000	0.8529630000	-0.6884027000	-0.5852857000	0.4083526000	24	14
-1.0823410000	0.8529630000	3.1095160000	0.6988607000	-1.3860670000	5	63
0.1181321000	-0.3091120000	0.7772546000	-0.8058609000	1.0990340000	30	110
0.3451249000	1.6276800000	-1.0288220000	-0.9970313000	0.4422062000	16	140
1.3133110000	2.4023960000	-0.2407564000	-1.2368340000	0.1307233000	13	77
0.8390822000	0.4656047000	1.1746320000	-1.4647640000	1.6610580000	30	85
0.2249485000	-0.3091120000	-0.1058321000	0.7093247000	-0.5938152000	15	87
-0.9339358000	2.0150380000	-0.5391129000	-0.6709684000	0.1713505000	22	21
0.6186259000	-0.6964703000	-1.2789140000	1.1193760000	-0.6208981000	20	31
0.1711866000	0.0782463850	0.8397813000	1.0300050000	-1.2506350000	13	75
0.4552349000	0.4656047000	0.9132604000	-0.3417909000	0.4760627000	25	8
-0.4509933000	0.4656047000	-0.2047566000	0.6736889000	-1.2303230000	15	123
0.2691606000	0.4656047000	-1.0210870000	0.4802664000	-0.2484697000	20	28
-1.5376340000	0.4656047000	0.0672317070	-0.2504587000	0.3203243000	20	165
0.9306873000	0.8529630000	-1.1472520000	0.3335010000	-0.9526992000	23	21
-0.1777213000	-0.3091120000	-0.9774083000	0.4030620000	0.0697839260	24	165
-0.6891407000	0.8529630000	-0.8889946000	0.4302237000	-0.6682961000	19	22
1.1999650000	3.1771130000	-0.8380841000	-2.2127460000	1.3089450000	16	103
-0.9582281000	0.8529630000	-1.0235850000	-0.4401951000	0.5708647000	23	154
-0.2887388000	0.4656047000	1.4759520000	1.9470960000	-2.2257130000	0	87
1.8299370000	-1.4711870000	-0.8498415000	1.2570870000	-0.2687849000	16	93
-0.6122198000	0.8529630000	-0.8826773000	0.6881205000	-1.2303220000	7	72
-1.6376950000	0.8529630000	3.6652720000	1.2576480000	-2.1173730000	3	125
-0.1321454000	0.8529630000	0.7314410000	-0.0909671040	-0.2484789000	23	43
-0.6364735000	0.4656047000	-1.1011060000	0.7327912000	-0.6344395000	15	89
-0.2434891000	1.6276800000	-0.5248879000	1.6303730000	-2.3611430000	9	84
-0.6957751000	0.4656047000	-1.0470360000	-0.4385151000	0.2661526000	16	127
-0.3767211000	1.2403210000	-0.6210499000	0.7401488000	-1.5011780000	9	133
0.3613853000	1.6276800000	-0.8095313000	0.3247218000	-1.4199200000	8	91
0.6695719000	0.8529630000	0.0563778390	-0.6658767000	0.7604628000	15	89
0.8193871000	0.8529630000	-0.9119507000	0.4839478000	-0.7563275000	9	81
-0.7770388000	0.4656047000	-0.7138259000	-0.2880759000	0.5031516000	25	170
0.7454009000	0.0782463850	-0.7098149000	0.7989707000	-0.6005829000	20	175
0.0587859230	0.0782463850	1.1648990000	2.3840030000	-2.5304290000	7	93
0.5573388000	2.0150380000	-0.8164459000	-1.1599150000	0.4218971000	14	107
0.1632804000	-0.3091120000	1.5191110000	0.3009844000	-0.2823293000	14	128
-1.3236210000	0.8529630000	1.7108210000	-0.5530462000	0.2932384000	19	166
-0.5884339000	-1.0838290000	1.4120080000	-0.1845701000	1.3157190000	21	167
-0.1973166000	-0.3091120000	-0.4620000000	0.0860572680	0.0426980070	17	75
-0.0829053600	1.2403210000	1.2490760000	0.2404635000	-0.6005890000	16	24
-0.5196347000	2.0150380000	-0.5638888000	0.2585475000	-1.0204090000	14	77
1.4580090000	-0.3091120000	-0.4406077000	-0.4673526000	1.0787190000	30	158
1.6844850000	0.0782463850	1.0929090000	0.1327150000	-0.1198141000	25	174
2.2943670000	0.8529630000	-1.1417800000	0.5215650000	-0.9797790000	16	122
0.4070725000	-0.3091120000	0.6555595000	0.6018752000	-0.4922425000	18	19
0.1661323000	-0.3091120000	0.1936113000	-0.5855709000	0.8417204000	23	5
-0.6250515000	1.6276800000	-0.9823096000	-1.4644690000	0.7672365000	25	171
-1.2908330000	0.0782463850	-0.2490560000	1.3147880000	-0.9933234000	14	88
-0.7872845000	-0.3091120000	-1.2320470000	0.1344189000	-0.0859606420	19	33
-0.3822560000	0.8529630000	0.2961355000	-0.2951489000	0.2322961000	17	96
-0.2635163000	0.0782463850	0.5422903000	0.9923933000	-1.1287560000	9	84
1.5338100000	0.0782463850	-0.8512712000	0.0198877790	0.1645829000	16	65
0.5845813000	0.0782463850	0.0005703463	-0.4798033000	0.7198384000	21	24
0.2519630000	0.8529630000	1.8661100000	0.6290141000	-0.4177586000	10	48
1.4579620000	0.0782463850	0.5144582000	-0.0069840113	0.1307263000	22	9
-1.2945740000	0.4656047000	1.0784010000	1.3721860000	-1.1626090000	12	128
-1.1672360000	-1.0838290000	-0.5016562000	-0.3350088000	0.9839174000	22	44
1.0998800000	2.7897550000	0.0113245620	-2.2271480000	1.2073750000	27	167
0.5988907000	0.8529630000	-1.0409560000	-0.5208162000	0.3000061000	21	163
0.8466315000	-0.3091120000	-1.2642820000	0.5857388000	-0.4583829000	16	84
0.4779030000	-0.3091120000	-0.9756888000	-1.3700210000	1.7829460000	30	32
-1.3595200000	0.0782463850	-0.1727079000	0.1810757000	0.0427010360	24	16
1.6399980000	0.0782463850	0.2415137000	1.1643300000	-1.1084380000	12	83
0.8713494000	1.6276800000	0.7706032000	-0.7445012000	0.2052102000	15	127
0.2221523000	1.2403210000	1.6989860000	-0.6084803000	0.4218971000	16	41
0.8794121000	1.2403210000	-0.4341360000	-0.4795176000	0.0020676458	17	106
0.6072434000	2.7897550000	0.3281102000	-2.8128080000	1.8912830000	26	24
0.4586276000	-1.8585450000	0.0332011020	0.7590969000	0.4760689000	18	116
0.4149573000	0.4656047000	-0.2518998000	-0.7017839000	0.5302345000	15	103
-0.8873080000	0.8529630000	-0.5065907000	0.2851432000	-0.5464113000	18	152
0.9084370000	2.0150380000	-0.7884694000	-1.5360250000	0.7062881000	18	157
1.2351310000	0.0782463850	-0.4101152000	0.4550846000	-0.4651536000	13	101
0.0775164960	0.4656047000	3.2605140000	1.4312920000	-1.3860640000	2	128
0.0951863010	1.6276800000	0.1854278000	-1.0776130000	0.3203213000	15	108
0.7958015000	-0.3091120000	0.2052292000	-0.4727403000	0.7469214000	21	145
-0.7148460000	0.0782463850	0.2997030000	2.9642850000	-3.5935360000	4	62
-0.9355528000	0.0782463850	-0.5840349000	2.4269930000	-2.4897950000	10	164
-1.1207610000	0.8529630000	1.7912470000	1.3328730000	-1.9954880000	7	134
0.0973130990	0.0782463850	0.0825248810	0.2025702000	0.0088354116	18	129
-1.3228960000	-0.3091120000	0.5719247000	1.1875300000	-1.3454340000	23	7
-0.5603003000	1.6276800000	-0.8545324000	-1.7438790000	1.4376000000	20	57
0.4099783000	0.0782463850	-0.9360973000	1.2449280000	-1.1490620000	12	52
-0.1594854000	-0.3091120000	0.2069421000	0.0538135020	0.4015819000	21	11
-1.1122290000	-1.4711870000	-1.0363290000	0.7520373000	0.3812698000	22	168
-0.7613798000	-0.3091120000	-0.6844425000	1.2143880000	-0.8104962000	17	162
0.6177576000	-0.6964703000	-0.9161265000	0.4799764000	-0.0927282940	15	67
0.2109306000	1.2403210000	0.6094521000	0.7885062000	-1.5892000000	15	40
-1.5292410000	-1.8585450000	0.2343954000	1.9196610000	-1.0339510000	17	60
0.5951622000	0.0782463850	0.5713550000	0.3476317000	-0.1333586000	18	72
-1.1677160000	0.0782463850	-1.1988640000	-0.4368189000	0.7130648000	24	7
0.7659017000	1.6276800000	0.3334953000	-1.9211700000	1.3428010000	29	14
0.0672237720	1.2403210000	-0.1141523000	-1.0705590000	0.5573234000	19	35
1.3103320000	-1.0838290000	0.1708393000	0.9598829000	-0.6886144000	20	138
-0.9030896000	-1.0838290000	-0.1903420000	-0.0556169750	0.6588930000	22	23
3.1962800000	2.4023960000	-0.5596092000	-0.5652108000	-0.2687849000	15	88
-0.2395352000	1.6276800000	-1.1662340000	-0.7122532000	-0.0724162380	19	164
0.1605074000	0.0782463850	-0.1800645000	0.6915078000	-0.7969486000	24	172
-0.2174349000	0.4656047000	-0.8397792000	0.7166686000	-0.8104900000	14	99
-1.4248270000	0.4656047000	-0.6148093000	-0.7608852000	1.3089450000	27	174
-0.7918368000	0.4656047000	-0.9324708000	0.6253374000	-0.5802678000	18	21
-0.6391498000	0.8529630000	1.5276020000	1.0266140000	-1.4673210000	13	166
-0.4376573000	0.4656047000	-1.1102820000	0.4587675000	-0.3703607000	17	31
-0.7923115000	1.6276800000	0.8693602000	-0.5779323000	0.2052102000	21	15
1.0702580000	-0.3091120000	-0.1670128000	0.6609679000	-0.3229566000	17	34
-1.4200450000	0.4656047000	0.8220608000	0.9853303000	-0.8511234000	14	143
0.2619638000	0.8529630000	-1.1893260000	-0.0372425650	-0.3297273000	9	85
0.4022619000	0.4656047000	-1.1684170000	0.8617539000	-0.5193284000	15	161
-0.4231717000	0.8529630000	2.2799590000	-0.3166340000	0.0359303990	14	83
-0.8373823000	0.4656047000	-0.7682630000	1.4581550000	-1.3725170000	12	69
-0.6973077000	-1.0838290000	-0.9590281000	0.4601962000	0.0088383919	18	157
-0.3726524000	2.0150380000	-0.8461941000	-1.3855780000	0.7672305000	16	71
0.7383889000	2.0150380000	-1.0083030000	-1.7616880000	1.5527140000	30	20
-1.0024480000	-2.2459030000	0.0017664098	-0.2063408000	2.0605690000	30	39
-1.0870610000	0.8529630000	0.5321870000	-1.5900300000	1.7287710000	30	131
0.4925841000	-0.6964703000	-0.7053043000	0.1790890000	0.3338658000	17	115
1.8248400000	0.4656047000	-0.4954928000	0.7381689000	-0.7224678000	13	104
-0.0988774000	1.6276800000	-0.5132875000	0.3892112000	-0.8714385000	17	14
-0.4976451000	-1.8585450000	0.1316836000	1.0546110000	-0.3297243000	24	155
-1.0813000000	-0.3091120000	1.6131510000	1.2143830000	-1.4470090000	21	11
-0.1247600000	0.0782463850	-0.3294647000	0.9601690000	-0.7834042000	22	154
1.6313770000	0.4656047000	-0.4751347000	-0.4331507000	0.7266093000	16	83
1.3703580000	2.0150380000	1.1192430000	-1.3748320000	0.4354384000	26	9
-0.7142794000	-0.6964703000	0.5297333000	0.7325203000	-0.4109879000	25	175
0.6015479000	2.0150380000	0.3086734000	-2.2506340000	1.6475160000	30	164
-1.4033030000	0.4656047000	0.8224730000	-0.0677958060	0.1171909000	30	141
-0.6343791000	2.7897550000	-1.0721400000	-2.3292440000	1.2683170000	26	10
-0.9933841000	-0.3091120000	0.1779073000	-0.2685575000	0.6182657000	17	21
-1.6765650000	-0.3091120000	-0.1125529000	-0.5801846000	1.3021740000	27	14
-0.8811615000	0.0782463850	-1.1266940000	-0.3992065000	0.7536889000	30	121
-0.7094656000	1.2403210000	-0.5716222000	1.1108830000	-1.7855720000	8	48
0.4017787000	0.4656047000	-1.1214170000	-0.2182250000	0.5437788000	22	12
-0.3468722000	-0.3091120000	0.4609714000	0.5266475000	-0.3229566000	13	97
-0.8596562000	-0.6964703000	1.8425400000	1.9038350000	-1.8194290000	2	97
-1.0583550000	0.8529630000	-0.4351540000	0.2206642000	0.0697869960	14	108
0.3966384000	0.0782463850	1.8602660000	0.4927027000	-0.6886051000	17	133
0.0477609670	0.4656047000	-0.9229067000	0.0880339150	-0.4245233000	15	99
-0.1568352000	-1.4711870000	-0.4176710000	0.4403931000	0.6114922000	23	31
-0.3280143000	2.0150380000	0.3373752000	-1.1921450000	0.4489799000	17	125
0.4445210000	0.0782463850	-0.1183937000	-0.3830943000	1.0922610000	25	19
-0.8291156000	-1.4711870000	0.2110120000	0.6391929000	0.0020737124	17	160
-0.8558838000	0.8529630000	-0.5669618000	0.1132109000	-0.3161829000	22	153
-0.6240005000	0.0782463850	-0.7593389000	0.5679356000	-0.5734971000	19	45
-0.3014667000	-1.4711870000	0.7348154000	0.0051852986	0.9500606000	19	165
-1.7007110000	0.8529630000	0.2458776000	-0.5637954000	0.1510384000	20	29
-0.6591096000	2.0150380000	-1.2668790000	-1.9443700000	1.4172880000	25	152
0.9828219000	0.4656047000	-0.8671589000	0.8778617000	-0.8985274000	13	110
0.3870674000	1.6276800000	1.9923710000	-0.3737543000	0.0426979740	15	38
0.2673787000	0.4656047000	-1.1597250000	0.2545995000	-0.4245263000	21	21
-1.0290720000	-0.3091120000	-0.9066945000	0.6609669000	-0.4719274000	13	16
-0.7193037000	-0.6964703000	0.1987703000	0.3080489000	0.4083526000	18	24
-0.3821062000	1.2403210000	-0.8111206000	-0.6568376000	0.1036435000	26	13
1.4077310000	1.2403210000	0.4582320000	-0.1248971000	-0.5464143000	16	115
-1.3285910000	-0.6964703000	0.2210399000	0.2704412000	0.3880374000	20	153
-1.1042900000	-0.3091120000	-0.8886855000	0.8812628000	-0.7766426000	13	119
-0.7069493000	0.0782463850	-1.1971890000	-0.2863702000	0.9365224000	26	24
-0.0214092430	1.2403210000	1.4125410000	0.3103059000	-1.1693770000	15	90
2.0240760000	0.0782463850	-1.1143880000	0.3637638000	-0.1604445000	24	10
1.0732440000	-0.3091120000	-0.3893201000	0.4997800000	-0.2958708000	13	78
0.1498328000	1.2403210000	0.8733567000	-0.4311603000	-0.1807597000	14	100
-1.1415530000	-1.8585450000	-0.4287667000	0.8128315000	0.5234668000	23	166
-0.9966688000	0.0782463850	-0.7530025000	0.4282319000	-0.3974405000	12	107
1.7321130000	0.4656047000	0.0364918860	-0.3847949000	0.4896133000	26	24
-0.0662922640	0.0782463850	1.3679200000	0.7344917000	-0.4786981000	13	115
1.0729000000	-0.3091120000	0.6011918000	-1.2625680000	1.7423190000	21	148
1.3476520000	-1.4711870000	0.3774694000	0.0535330960	1.1193470000	18	90
-0.7910520000	-0.3091120000	-0.0609481110	0.1021703000	0.5640879000	15	62
-1.1670430000	0.8529630000	-0.6533899000	-0.2843897000	0.3067799000	21	156
0.4815949000	-0.3091120000	-1.1397470000	-0.7843602000	1.2683170000	23	21
-0.2578749000	-0.3091120000	-0.7270042000	0.7361970000	-0.3500426000	16	50
-0.3677056000	-1.0838290000	-1.2472780000	-0.2705389000	0.9500638000	30	111
1.4808310000	1.6276800000	-0.4003333000	-1.4644680000	0.8484910000	21	142
0.4750487000	1.6276800000	-0.7491449000	-1.3623920000	0.7469214000	25	160
0.4551183000	-0.3091120000	-0.0497911310	0.2150162000	0.0291504620	18	28
-1.3519140000	0.4656047000	1.7139560000	-0.4116519000	0.1645859000	25	17
1.5671960000	2.0150380000	-0.1686021000	-1.4231940000	1.0380890000	16	118
-0.2086688000	0.4656047000	0.8833537000	-0.9758124000	0.9162043000	21	164
2.1256580000	-0.3091120000	-0.0201749600	0.3439603000	0.2255222000	18	166
1.2225970000	1.2403210000	0.0441924590	-0.0980396050	-0.1130404000	13	123
1.0912310000	0.0782463850	0.5813485000	-0.1090744000	0.4354446000	16	93
3.1123460000	1.6276800000	0.6981131000	-1.6955130000	1.1870600000	23	160
-0.6436697000	0.0782463850	-1.1264830000	-0.1735348000	0.2796940000	15	84
2.2111350000	0.4656047000	-0.4261340000	-0.1913622000	0.7266092000	16	61
-1.4616190000	-0.6964703000	-0.8413858000	-0.1540312000	0.7740042000	25	16
-1.2042490000	0.0782463850	-0.8109758000	-0.2702528000	0.6318072000	17	111
0.8682158000	0.4656047000	1.0505410000	-1.1316380000	1.0719490000	27	158
-1.0671830000	0.4656047000	1.7750740000	-0.5943301000	0.7536892000	18	67
-1.5943710000	-0.3091120000	-1.1416390000	1.1338070000	-0.9662408000	12	97
-0.1188185000	0.0782463850	-0.2932293000	0.0521329750	0.0156152160	18	9
0.7330205000	1.2403210000	-1.1433590000	-0.2001257000	0.0020707566	22	24
-0.4967773000	0.8529630000	-0.5682212000	-0.3005114000	0.0833252520	30	89
0.0058462764	0.8529630000	1.2226010000	0.1884343000	-0.2349313000	13	124
1.8704660000	0.8529630000	0.4441288000	-0.4401999000	0.2052101000	20	28
3.0395770000	0.8529630000	0.2669359000	-0.5154386000	0.3067860000	15	74
0.6153567000	0.8529630000	0.4935700000	-0.8270699000	0.7266092000	23	5
0.2105454000	-1.0838290000	0.9963783000	1.3091210000	-0.7698689000	20	174
0.4322468000	0.0782463850	-1.2651910000	1.4598500000	-1.6975470000	13	92
-0.1960138000	-1.4711870000	-0.8867363000	2.2833410000	-1.5485790000	21	167
-1.5168090000	-1.4711870000	-0.6636044000	-0.2366080000	1.4714600000	26	171
2.6379170000	2.4023960000	-0.4864932000	-1.8117540000	0.8349497000	15	89
-1.3365860000	-1.0838290000	-0.3377843000	1.5992620000	-1.0678100000	18	167
-1.4279310000	1.6276800000	0.3663505000	-1.3677500000	0.8417203000	30	145
0.9783577000	1.6276800000	0.5129592000	-0.9755272000	0.2593818000	20	19
-0.4541216000	0.0782463850	-0.4843443000	0.1166058000	-0.0859636140	24	17
-0.7985472000	0.4656047000	0.1386930000	1.2754720000	-1.7517220000	12	94
1.4185620000	0.4656047000	-0.8069795000	-0.6211919000	0.6724375000	26	10
-0.4001758000	2.4023960000	0.4012149000	-0.6941592000	-0.1062757000	16	151
-1.4136240000	0.8529630000	0.2488797000	0.7042384000	-1.0610370000	15	87
0.2508684000	0.4656047000	-0.8845851000	-0.0838936490	-0.0521041710	20	148
0.9356164000	1.2403210000	-1.2795260000	0.1974787000	-0.3500424000	22	161
-0.7200373000	1.2403210000	0.8295456000	-0.4150434000	-0.0724162160	16	163
-1.1138410000	-0.6964703000	-1.0095380000	0.9044474000	-0.3839052000	21	18
-0.4270550000	-0.3091120000	-1.2403570000	-0.1772215000	0.7740042000	20	165
0.0839093850	0.8529630000	-0.3245819000	0.2475260000	-0.3974435000	12	86
-0.0870930180	0.0782463850	-0.6556655000	-0.0714491680	0.3000091000	30	161
-1.2965710000	-0.3091120000	0.4598054000	-0.5157142000	1.4782310000	18	76
-0.8223187000	0.4656047000	1.9390790000	-0.9543278000	1.0448600000	20	21
-0.5152782000	0.0782463850	-1.1657770000	-0.2863749000	0.4422060000	24	16
0.2906474000	-1.0838290000	0.5649724000	0.2613911000	0.6182689000	30	81
-1.2951070000	-0.6964703000	-0.9570634000	0.8453466000	-0.3771283000	22	40
1.7331270000	-0.6964703000	-0.1287003000	1.1623550000	-0.7360123000	13	158
-1.4542590000	-0.3091120000	-0.1967682000	0.3332149000	-0.0791838320	22	5
0.9818165000	0.8529630000	0.1892866000	1.1609500000	-1.3522100000	9	79
0.0326615910	0.4656047000	-0.9541962000	0.2008707000	-0.0453333260	14	108
0.8499839000	0.4656047000	-1.2849820000	-0.3095658000	0.4218971000	18	154
0.3914679000	0.4656047000	0.0982756990	0.7918977000	-0.8579001000	13	111
-1.1321820000	0.8529630000	-0.3121365000	0.5591679000	-0.8782092000	15	135
0.6336619000	-0.3091120000	1.8680840000	-0.1449768000	0.2390697000	16	170
-0.1055754000	0.0782463850	-1.2885570000	1.0031430000	-0.8443527000	13	78
1.6891380000	-0.6964703000	1.5396920000	0.9689321000	-0.3297303000	13	60
0.4392604000	0.4656047000	-0.0617477710	0.4050520000	-0.6479839000	17	38
0.6426040000	-0.3091120000	-1.0064530000	-0.1825940000	0.7807748000	30	154
1.7389770000	0.8529630000	-0.9042737000	-0.2682628000	0.4015820000	18	126
-0.4934690000	-0.6964703000	-0.5972192000	-0.2507401000	0.8958921000	21	175
0.4138814000	-1.0838290000	0.6277374000	0.6643637000	-0.2484728000	17	129
-0.7481623000	0.4656047000	0.2011853000	0.1686402000	-0.2890970000	18	5
0.7103093000	0.8529630000	0.0734006460	-0.5799132000	0.2255284000	26	18
-0.1053517000	-1.0838290000	-1.2145210000	0.4386926000	0.5302405000	27	150
-0.5966405000	1.2403210000	2.2990530000	-0.0496827590	-0.5396436000	10	161
1.2008600000	0.8529630000	0.8221146000	2.0635990000	-2.7945110000	10	52
-0.2532867000	0.0782463850	-1.0488620000	0.4443497000	-0.4448445000	17	19
1.3804720000	1.6276800000	0.8619863000	-1.6364160000	1.2412290000	16	79
-1.0210200000	0.0782463850	0.2276014000	-0.3723394000	0.7333768000	23	28
0.0660547540	1.2403210000	1.8970990000	-0.0657953620	-0.2146132000	21	7
-0.0840993370	-1.0838290000	-1.0028250000	1.2285340000	-1.0271830000	15	120
-0.4529452000	-1.0838290000	-0.5432940000	0.8685365000	-0.3568131000	15	79
-0.5644389000	0.8529630000	-0.3313740000	0.1615577000	-0.7766395000	20	14
1.8858230000	1.6276800000	-0.1350643000	-0.7337463000	-0.0724130650	25	25
0.9716339000	0.4656047000	1.0005290000	-0.5567267000	0.3880405000	17	21
-0.2006832000	2.0150380000	1.0131340000	-1.6112440000	0.8214052000	20	168
-0.2544330000	0.4656047000	0.7740555000	0.7059332000	-1.2709530000	17	20
-0.1420814000	0.8529630000	-0.6915785000	0.3549965000	-0.4109849000	21	15
0.6436478000	0.4656047000	-0.5256167000	0.3244509000	-0.5396435000	15	74
0.2307162000	-1.4711870000	-0.3096117000	-0.1613793000	1.1396650000	30	18
1.1523520000	0.4656047000	0.0136976880	0.0343146140	0.6859789000	20	38
-1.1357560000	1.6276800000	-0.6730794000	-1.0131490000	0.2864678000	15	72
-0.6324056000	1.6276800000	-0.2822253000	-0.9593993000	0.3948081000	14	95
2.5921770000	0.4656047000	-0.2932992000	-1.1746180000	1.6204300000	23	143
0.6771680000	0.4656047000	0.5856463000	0.0558044280	0.0697808710	21	131
0.4128804000	1.2403210000	0.7750575000	-0.8932346000	0.3338687000	19	41
-0.7143133000	0.0782463850	0.3110426000	-0.3884620000	0.4218971000	20	151
0.6244259000	1.2403210000	0.4818780000	-1.4788950000	1.3495750000	23	165
0.4669007000	0.0782463850	-1.1392030000	-0.4636811000	0.8755832000	29	160
-1.4682500000	-0.6964703000	0.2829467000	0.1683546000	0.4896102000	25	5
0.6347334000	-0.6964703000	0.2666401000	1.2268390000	-1.1558360000	20	20
1.4367110000	0.8529630000	0.8269488000	0.3818617000	-0.4516121000	15	156
-0.5322433000	-1.0838290000	-0.1345116000	0.4977991000	0.2932415000	17	77
-0.7566447000	0.4656047000	-1.2090460000	-0.4277597000	0.4151264000	28	156
-0.0181415340	-0.6964703000	0.3235737000	1.5438320000	-1.3860640000	7	45
0.2734610000	0.0782463850	-0.6458604000	0.3691311000	-0.1130434000	14	84
2.0197890000	0.0782463850	1.2447690000	-0.0231056570	0.0630132030	22	156
-0.6076573000	0.4656047000	0.1748685000	0.8993611000	-0.9256102000	23	169
-1.1221610000	0.0782463850	-0.1003322000	-0.3454762000	0.3000091000	22	12
-0.9375193000	2.2424270000	-0.3187505000	-1.8260500000	0.8344290000	28	158
0.2334674000	0.4081809000	0.5450906000	0.0963521300	-0.1424705000	17	36
0.6858215000	-0.5089421000	-1.2674350000	-0.9818144000	1.7964160000	21	161
-0.8812514000	0.1024732000	-0.7264882000	0.1767423000	0.0290459250	19	19
-0.1661131000	-0.2032344000	-0.7970462000	-0.9040499000	1.5354180000	21	12
-1.3421820000	-0.2032344000	0.1213567000	0.6525260000	-0.0455191060	16	146
-0.6552274000	-0.2032344000	-0.6235071000	0.5651285000	-0.1872061000	20	24
-0.8098882000	0.4081809000	-0.6727532000	0.3211005000	0.1558199000	16	54
-0.5661160000	0.4081809000	-1.0659510000	-0.3739341000	0.8717183000	20	177
0.2696002000	0.7138885000	0.3705832000	0.1283401000	-0.4556739000	11	11
0.4601645000	0.4081809000	-0.7990240000	0.5000599000	-0.5377021000	12	76
1.7288610000	1.3253040000	-1.1238490000	-0.8939785000	0.5510583000	11	68
-2.1005400000	0.7138885000	0.1231731000	-0.4793083000	-0.1051812000	20	170
0.4250788000	0.4081809000	1.3116350000	0.3627214000	-0.6495564000	19	30
0.3029897000	-0.2032344000	-0.2309213000	0.3403712000	0.0514221410	15	92
-0.3629714000	-1.7317730000	-0.4419504000	0.7714688000	-0.9254742000	16	162
0.1949976000	-0.2032344000	-0.4512951000	0.9563504000	-0.2990671000	14	82
-0.6957263000	-0.8146497000	0.0797401290	0.5843968000	0.3944549000	18	4
-1.0824950000	0.1024732000	0.8046572000	0.6886701000	-1.0373320000	20	19
-0.4048377000	1.0195960000	-0.5337778000	-0.5014349000	0.2229386000	30	93
1.5447330000	0.4081809000	-0.6997784000	-0.4821612000	0.6703692000	16	83
-0.3626323000	-0.2032344000	-1.0233370000	0.7981899000	-0.2766909000	14	86
-0.7588112000	0.4081809000	-0.2564250000	-0.4613457000	1.0357810000	30	131
-1.5457810000	-1.1203570000	-0.9056423000	0.8687311000	0.1632797000	18	21
0.5023848000	0.4081809000	0.0672225950	0.6374061000	-0.6122772000	13	104
1.7810010000	0.1024732000	-1.1118050000	0.7968801000	-0.8658185000	15	88
-0.6552765000	0.4081809000	0.6685501000	0.8496651000	-1.4027370000	11	106
-0.4853032000	-2.3431880000	0.1950805000	1.0571220000	-0.2692445000	20	28
0.5017503000	0.1024732000	0.1039997000	0.6512191000	-0.9180174000	19	15
0.2081354000	0.7138885000	1.8537080000	0.4945920000	-1.5518880000	10	147
-0.3527489000	0.7138885000	-1.0591680000	-0.8788676000	0.9388334000	25	18
2.9555100000	-0.5089421000	0.2021646000	0.3666647000	0.0588819720	23	40
-0.8849726000	-1.1203570000	0.1383565000	0.6564680000	-0.4333044000	19	149
1.0010370000	-0.2032344000	-0.8455946000	0.7982131000	-0.2244954000	15	78
0.0879986660	0.1024732000	-1.1595630000	0.8260163000	-0.4109316000	14	95
0.0658034090	0.1024732000	-0.0601008650	0.6845086000	-1.0075090000	15	90
0.4828349000	-0.5089421000	-0.3838116000	0.6122202000	0.2527646000	12	105
2.3246200000	1.6310110000	0.7647043000	-0.3292574000	-0.2095824000	15	103
-0.5379688000	0.1024732000	-0.8828969000	0.4264689000	-0.8956513000	18	165
2.1023190000	1.0195960000	-0.6593451000	0.8262329000	-0.6346468000	17	89
2.0174190000	1.3253040000	1.3948000000	-0.8024166000	0.2229419000	17	58
0.9097139000	-0.2032344000	-0.9971175000	0.4777204000	0.2378549000	14	111
-1.2003550000	1.0195960000	0.8133497000	0.2643604000	-0.2692378000	16	150
1.6654820000	2.2424270000	-0.2515033000	-2.0715940000	1.5279580000	24	132
0.4653742000	1.0195960000	-1.1374710000	1.0801100000	-0.8732717000	13	78
-1.5919590000	1.3253040000	-0.8510079000	-0.5526941000	0.4839463000	21	53
-0.2244656000	2.5481350000	-0.1043324000	-0.5787402000	-0.7241315000	14	163
1.5796100000	1.0195960000	0.4089418000	0.1311900000	-0.3363564000	16	129
0.2769084000	2.8538420000	-0.6444038000	-3.0980570000	2.5794290000	30	69
0.5934476000	-0.8146497000	1.2621170000	1.3169090000	-1.1641120000	3	126
-0.4505024000	0.4081809000	-0.7441900000	-0.0950949120	-0.1872062000	16	113
-0.7996555000	0.4081809000	-0.3394015000	0.7289746000	-1.1342830000	14	105
-1.2437080000	0.4081809000	0.3029830000	-0.7818230000	0.5958042000	21	171
0.5170618000	0.4081809000	1.3956270000	2.2980430000	-1.7681500000	4	112
-0.4924381000	-1.4260650000	-0.3004207000	1.0157170000	-0.1275541000	21	46
1.5965730000	-0.5089421000	-0.2778243000	-0.7071321000	0.3870018000	20	157
-0.6659353000	0.1024732000	-0.1378401000	0.3349069000	-0.5078728000	14	11
2.6292510000	0.1024732000	-0.8721148000	-0.2935641000	0.7822334000	17	83