-0.7292091000	3.2636260000	-1.0660430000	-1.8784470000	0.4679824000	16	95
2.0168330000	2.2900470000	-1.0689080000	-1.3040720000	0.1421220000	13	84
2.4661400000	1.1344240000	1.6256580000	0.5810634000	-1.7455010000	9	71
2.9794490000	1.7401880000	-0.5845965000	-0.2581083000	-0.1280527000	14	109
3.7352270000	1.3253040000	-0.9041684000	0.2492631000	-0.6570164000	17	77
2.7223820000	1.7316560000	-0.5211276000	-1.2433990000	0.5289389000	18	160
2.6744480000	1.6197290000	-0.0579984410	-0.8474095000	-0.0551780650	22	157
3.6270670000	1.2403210000	-1.0681110000	-0.1695777000	-0.5464143000	15	92
0.8185603000	1.1898250000	0.8192527000	-0.6222018000	-0.0059824265	7	133
2.4400810000	2.9531430000	0.9179451000	-1.0864830000	-0.2605357000	12	90
3.5796060000	3.1515620000	0.9625361000	-1.3794330000	-0.1699689000	20	142
2.6533140000	1.0371140000	-0.9561040000	0.1233366000	-0.7988178000	10	114
2.4301500000	1.0371140000	0.2756193000	0.4143960000	-0.7988178000	8	107
4.5530860000	1.7611800000	-1.1837530000	-0.0049983389	-0.8653239000	10	113
3.3728970000	1.4913300000	-1.2119320000	0.9711065000	-1.4337200000	12	81
3.3485710000	2.1255620000	-0.7945712000	-0.1751516000	-0.6523741000	8	92
3.9960030000	1.0909690000	0.2642908000	-0.1455122000	-0.5464097000	12	81
3.5754650000	1.5861720000	-1.2057910000	-0.5095927000	-0.0463545020	20	27
1.9300620000	0.4807742000	-0.0084430026	0.3145412000	-0.6240816000	10	79
-1.4131210000	2.3746240000	-1.0103830000	-3.7212640000	2.9584280000	30	130
0.4247640000	1.4572330000	1.1396520000	-1.8201470000	0.6913661000	16	88
4.1820660000	0.4656047000	-0.8458860000	1.0373590000	-0.8646710000	13	81
4.0396830000	0.4656047000	-0.5635498000	1.0051200000	-0.8240438000	13	81
3.9118690000	0.4656047000	-0.8553225000	1.2092970000	-1.0813550000	12	87
3.6765730000	0.8529630000	0.2233768000	0.8368635000	-0.9933265000	12	91
4.6613750000	0.8529630000	-0.3969285000	0.8744711000	-0.9052981000	13	89
3.3672300000	1.9753950000	-1.0317410000	-1.8921290000	1.0353610000	16	85
2.1442240000	2.5158070000	-1.1648080000	-1.6190020000	0.5715224000	15	100
3.4965640000	0.7474784000	0.1784631000	0.5197666000	-1.0029590000	10	99
3.1946320000	3.6327630000	1.9386730000	-1.8242460000	0.0420336980	15	112
1.9392960000	2.5188200000	0.3247033000	-0.5058323000	-0.4364172000	12	88
0.4098038000	2.4023960000	-1.1977120000	-1.1579340000	-0.2755556000	21	39
3.0420560000	4.0766730000	2.5893520000	-1.9850640000	-0.7539608000	28	23
2.4489370000	1.0195960000	-1.0609390000	-1.2394220000	1.4533860000	16	92
1.7052980000	1.2400410000	-0.7535208000	-1.0263270000	0.6958231000	16	34
1.7052980000	1.2400410000	-0.7247182000	-1.0632910000	0.7725541000	16	34
2.7966380000	2.4313910000	-0.5662175000	-1.7383000000	0.3479371000	26	167
2.5218190000	0.9719173000	-0.3281053000	0.9246250000	-1.5980370000	14	93
3.5612660000	1.9940630000	-0.6863613000	-0.1093509000	-0.4425192000	13	100
1.6625410000	2.3380550000	1.9941450000	-0.4398780000	-1.4674690000	10	104
0.7137071000	1.9621130000	-1.0303070000	-0.3860947000	-0.7049155000	15	113
1.2393610000	2.1255620000	-0.6148340000	0.2830322000	-1.1487610000	11	105
1.3209000000	2.1255620000	-0.7164846000	0.1082587000	-0.9599932000	12	107
4.1629400000	3.7709650000	0.1237229000	-3.0492180000	1.0879840000	22	49
0.2485233000	1.4572330000	-0.5539567000	-0.5271689000	-0.4301765000	29	176
0.9497445000	2.0824320000	3.2634840000	-0.4117717000	-0.6522729000	14	163
3.5475850000	0.4678911000	1.1652830000	1.2096640000	-1.6750640000	9	77
3.5971640000	1.2719170000	-0.4569162000	0.2654825000	-0.9033201000	13	87
2.4724220000	0.8449237000	-0.9135215000	-0.2803669000	0.0191367320	15	102
2.6914300000	0.8449237000	-0.7026641000	-0.1096395000	-0.2013583000	15	102
2.3633100000	0.4656047000	-0.5496961000	0.0541043800	-0.5531819000	13	99
2.6539110000	0.8529630000	-1.2714480000	0.1652401000	-0.5531819000	13	99
3.1819660000	2.2974000000	1.1026370000	-0.8822229000	-0.3860240000	23	30
0.7015725000	2.9267520000	-0.7658191000	-3.0023430000	1.9709930000	30	106
0.1808204000	1.5861720000	0.5731849000	-1.0258640000	0.7647266000	14	56
1.6488270000	3.2204770000	-0.7396481000	-1.6266640000	0.2089640000	15	91
4.0360910000	2.1987450000	-0.6117433000	-1.8832220000	1.0454320000	17	98
2.6503180000	1.3498740000	-0.7796310000	-1.2985740000	0.9846117000	16	92
3.9177050000	0.4656047000	0.6717138000	1.6713710000	-1.7584950000	12	90
1.4721260000	2.9773630000	1.1495290000	-2.2833470000	1.1279100000	17	85
-0.7930000000	1.9940630000	-0.8083407000	-3.7586200000	3.4987710000	30	166
1.7694680000	1.2829710000	-0.7459358000	1.1552240000	-2.0208320000	11	98
-0.1069416000	0.5443881000	2.7296830000	-0.2375779000	-0.0168654400	16	9
2.6268690000	1.3043820000	1.8967140000	1.2926340000	-2.2138400000	8	112
2.1766810000	1.9621130000	1.1987260000	-0.5060374000	0.0992246940	17	31
1.3257890000	2.2051410000	-1.0091150000	-1.5750730000	0.7833682000	15	65
1.5961040000	3.2758570000	0.0347235650	-1.8325950000	0.6447980000	17	68
1.8591040000	2.9531430000	1.0755360000	-1.4156750000	-0.2680928000	13	93
4.1245569000	3.4872240000	-0.9152623000	-3.2810150000	2.0034590000	30	103
-0.1978333000	3.0248140000	-0.9074608000	-1.1642980000	-0.6801802000	11	70
0.9725747000	1.2400410000	-1.2740840000	-0.7786540000	0.8492849000	17	21
2.9846710000	1.3862590000	-0.1957202000	0.3301406000	-0.7124074000	16	75
-0.9252258000	2.4675620000	-0.4098913000	-0.5639877000	-1.4563830000	9	73
2.9115570000	1.7226270000	-1.3205520000	-1.3828200000	0.7255419000	16	78
4.3593790000	2.0150380000	0.3311378000	-1.6612920000	0.6453516000	23	28
1.5691480000	0.4220491000	1.1765790000	1.2297960000	-1.8688400000	11	70
3.5270380000	1.2279700000	1.9646310000	0.1500969000	-1.3658320000	11	74
3.6644690000	2.5481350000	-0.5290380000	-1.4957010000	0.3497159000	16	94
3.6286030000	4.5405780000	0.6225336000	-3.6670330000	2.1606010000	30	25
2.0955760000	1.9096310000	0.0709638600	-2.2736510000	1.4280780000	23	16
3.1908100000	1.7237660000	-1.0407450000	-1.3028480000	1.1761620000	15	92
1.1606780000	3.3921970000	-0.0440019850	-1.2067860000	-0.7010841000	15	109
1.5529180000	1.1344240000	-0.3305569000	-1.5951810000	0.7556572000	14	64
-0.4056323000	2.1457030000	0.0481661930	-1.4719770000	0.9123617000	19	23
3.6835020000	3.1432020000	0.8836319000	-0.9520354000	-0.4425194000	14	85
2.5219380000	1.2249580000	-0.7079743000	0.7653870000	-1.5565330000	13	89
4.5152550000	1.9367190000	-1.0715780000	-1.5763230000	0.7971465000	21	42
4.7476230000	3.1595500000	-0.7475176000	-2.2599740000	0.6330899000	16	93
3.8861420000	1.6310110000	-1.1910990000	-1.4376570000	0.6256334000	16	90
0.8501784000	1.6110160000	0.1197487000	-0.4597966000	-0.4287399000	11	31
4.2993440000	2.7927150000	-0.2444046000	-1.1797360000	-0.4829966000	12	88
2.5554060000	2.5481350000	1.1265410000	-1.3874880000	-0.7688739000	12	92
2.0337140000	2.2424270000	1.1209050000	-1.3736870000	-0.5302423000	13	94
2.2112130000	2.2424270000	1.0531000000	-1.5276830000	-0.4854999000	13	91
2.3140350000	2.5481350000	0.8038480000	-1.2751150000	-0.7390445000	12	94
2.0399980000	1.6110160000	1.9678260000	0.9326811000	-2.1857860000	10	81
6.5967600000	4.7902390000	1.3119130000	-2.9210180000	0.7526218000	17	88
6.9727840000	5.1030000000	1.3286660000	-3.0787800000	0.7526218000	17	88
6.5967600000	4.7902390000	1.4874780000	-2.9644600000	0.8251212000	17	88
2.9437890000	1.3983370000	-0.2874563000	-0.1159222000	-0.5411668000	19	32
3.7240350000	1.1240280000	-0.7817854000	-0.1009656000	-0.6308846000	18	46
2.7696170000	1.0694420000	-1.1148510000	0.4370701000	-1.0332520000	9	110
4.5061750000	1.0909690000	0.1805568000	-0.4231103000	-0.2829564000	10	96
2.6436580000	1.3983370000	-0.5678108000	-0.0178703590	-0.5195188000	19	32
1.3674330000	2.4919350000	0.4834952000	-0.3509436000	-0.9467157000	13	125
3.0322970000	3.7595800000	0.1031816000	-3.1950250000	1.6473490000	14	69
3.6415330000	3.3921970000	0.9879159000	-1.8196100000	0.0027473844	13	92
0.4098853000	1.7237660000	-0.8261441000	-1.9178960000	1.4720100000	23	38
2.6105490000	0.7243533000	-1.0333990000	-1.3653400000	1.3760980000	17	97
1.5561050000	1.3171400000	2.1771640000	-1.3760840000	0.1972681000	10	105
4.6577200000	3.7215050000	-0.7086658000	-2.1117270000	0.4981359000	16	91
2.4184590000	1.6077990000	0.5442629000	-0.6924754000	-0.5744647000	15	88
1.9986890000	1.4260740000	-0.5493994000	-0.2209914000	-0.7959985000	13	109
1.3876040000	1.5861720000	0.6587391000	-1.6359940000	1.0974710000	18	38
4.6984630000	3.7718120000	1.0974200000	-2.1327950000	0.5697938000	18	84
2.0062010000	0.4610806000	-0.5619082000	1.3243670000	-1.7875860000	11	94
2.0812900000	0.5555358000	-0.7794077000	0.9890230000	-1.4816510000	12	105
2.1078920000	1.4913300000	0.8426512000	-2.1023710000	1.0605050000	17	32
-0.8185993000	2.1408730000	1.1952650000	-1.1825280000	0.2686051000	24	10
2.3447430000	0.7474784000	1.2897050000	0.7470609000	-1.2266480000	11	81
1.5765650000	2.0326990000	-0.0173299070	-0.9670056000	0.0704379980	22	4
2.4601550000	1.0995630000	-0.5887957000	0.1363549000	-0.6593649000	13	111
-0.6082634000	1.6517230000	2.0625080000	-0.1846894000	-0.6645675000	14	31
2.1449310000	1.2829710000	-1.2484390000	0.8869088000	-1.7076210000	12	90
0.3731842000	2.0050480000	-0.5659792000	-1.0249540000	0.1147940000	16	78
0.7316254000	0.5270326000	0.0809977200	0.0490753430	-0.3444992000	13	59
2.8223950000	0.8205138000	-0.7105544000	0.4183421000	-0.7847122000	12	79
1.2320470000	1.6626350000	-0.9709808000	-0.0575033870	-0.8495671000	8	103
3.3025610000	1.3862590000	-0.0058883848	0.2068688000	-0.7124074000	15	79
1.5731800000	1.5734670000	1.9075010000	0.7593732000	-1.7667400000	13	39
2.3989840000	2.5591180000	-0.1080795000	-1.2074400000	0.0776483040	13	65
-0.3708817000	0.4678911000	-0.5099403000	0.2221952000	-0.5088600000	15	67
2.0947700000	1.5181610000	-0.6267465000	0.3296679000	-1.2182660000	13	100
-1.1553850000	2.4645250000	-1.2332490000	-1.6034640000	0.4133803000	12	112
-0.7210483000	1.3171400000	0.9791476000	-1.5554030000	0.8952101000	25	11
-0.5145600000	1.5282110000	3.1988060000	-1.7885870000	-0.1623268000	30	167
-0.6179060000	2.7139960000	1.2073750000	-1.3802060000	-0.3097770000	16	143
4.1918010000	0.9719173000	-0.4112239000	0.7806333000	-1.4290930000	13	91
2.4945110000	1.7094790000	0.1158279000	-0.2876148000	-0.6066247000	8	96
0.6483251000	0.7558637000	0.6143615000	-3.7389930000	3.8282630000	28	151
-1.0040450000	1.2279700000	1.4740100000	-3.9953400000	4.2498220000	30	168
-0.4929920000	1.0645010000	2.0080160000	0.8197438000	-1.5593990000	17	29
0.8217451000	1.5734670000	2.0398320000	0.9481321000	-1.9913620000	10	39
2.0237690000	0.8861365000	-0.5115252000	0.2839114000	-0.8021203000	13	85
1.6019450000	1.3498740000	-1.1613230000	-0.4427771000	0.5858725000	16	71
3.8601600000	5.0584340000	-0.8829837000	-3.4679870000	0.9286603000	12	91
3.1325770000	1.5224720000	-1.1989570000	-0.0643978340	-0.1679956000	13	80
1.5629450000	0.4618773000	3.5339920000	1.0924600000	-1.7654800000	9	63
0.8282612000	1.6110160000	-0.8754776000	-2.1083570000	1.5419110000	18	106
-0.4149263000	1.5861720000	0.1889967000	0.1109661000	-1.5298630000	11	88
-1.0045260000	1.3253040000	-0.9676436000	-2.7348750000	2.5421360000	30	122
2.7267430000	1.0195960000	0.4883303000	-1.3809260000	1.0879800000	25	30
-0.2521930000	3.1016010000	-0.5291880000	-1.5330370000	0.2924728000	18	155
4.8056714000	3.2758570000	-1.0118170000	-1.0790840000	-0.3043959000	24	8
2.7089030000	2.9531430000	0.8439437000	-1.4195020000	-0.4418423000	13	94
2.5894350000	2.2249070000	0.1186122000	-0.9734422000	-0.8199512000	23	157
1.3259790000	0.7138885000	0.7171221000	0.0396250370	-1.4400340000	13	152
1.6747610000	2.1048620000	-0.8460637000	-1.7313820000	0.9180627000	16	99
1.1340330000	0.7138885000	0.6960209000	-0.0394528470	-1.2983460000	13	149
1.4805580000	0.7138885000	0.6999031000	0.0521085190	-1.4624060000	13	151
1.1049150000	0.7080142000	0.6174986000	0.1102485000	-1.6640320000	14	159
1.7865890000	0.8449237000	0.1961541000	0.3598599000	-0.7801515000	11	70
3.3847690000	1.1344240000	0.0150151450	0.1249964000	-0.6993101000	11	96
3.3847690000	1.1344240000	-0.1980125000	0.2439713000	-0.8309493000	11	96
3.4316870000	1.1344240000	-0.3552311000	0.1150785000	-0.6092405000	15	75
3.3484790000	1.1344240000	-0.2764022000	0.3282400000	-0.8725218000	12	91
3.1914440000	0.8861365000	2.5100650000	1.6005090000	-2.3570530000	6	109
1.9354000000	1.4321090000	-0.9343545000	0.7184145000	-1.6048190000	10	97
3.0052700000	0.9742298000	-0.0387366530	0.5727002000	-1.1902600000	13	104
2.1409000000	0.9742298000	-0.9432046000	1.0801730000	-1.7857200000	12	102
2.8697000000	0.9742298000	-0.6402743000	0.8874635000	-1.5595960000	13	105
1.2818750000	0.5163504000	-0.1583598000	1.6217880000	-2.1776660000	12	80
2.9206180000	1.6110160000	0.6514470000	0.9700288000	-2.2340230000	11	100
0.8634381000	0.4656047000	3.1885950000	0.9836336000	-1.3657550000	10	42
2.8558530000	1.6110160000	2.8486340000	0.7726237000	-2.0204180000	11	75
2.5225950000	1.6110160000	2.6520740000	1.2047820000	-2.5371980000	6	77
2.0443200000	1.0729080000	0.0856519490	0.6520534000	-0.8658621000	10	77
2.3460190000	1.0729080000	0.1144754000	0.2999684000	-0.8586503000	11	110
3.7281010000	1.3983370000	-0.7592698000	0.0177821130	-0.3102594000	14	95
3.2718180000	1.3498740000	-0.7986688000	-0.0257330970	-0.1608399000	13	105
2.5249220000	1.0995630000	-0.4588314000	-0.0809362010	0.0048205811	14	96
3.3507180000	1.4677260000	-1.3805990000	0.0868576620	-0.1280527000	13	103
3.3911980000	1.4677260000	-1.3121600000	0.0615223800	-0.1280527000	14	105
3.1640600000	1.6310110000	0.2251536000	0.4435654000	-0.3736388000	11	84
3.0048210000	1.6310110000	0.1872322000	0.3020576000	-0.1200943000	11	84
1.9496710000	2.0491950000	0.8640021000	-0.2034173000	-0.3607673000	13	83
2.9790410000	1.3983370000	-0.2243874000	0.1381161000	-0.1226547000	23	164
2.7621740000	1.3983370000	-0.0905301940	0.2629068000	-0.3246925000	23	164
3.6519850000	1.6110160000	1.0886370000	1.0180500000	-2.2960330000	10	87
1.3262170000	0.8449237000	2.6215750000	1.5442600000	-2.3511570000	10	80
2.8747220000	1.0729080000	0.4128366000	0.2197454000	-0.7792795000	9	81
2.3455820000	1.7237660000	0.8116379000	-0.2198364000	-0.3607673000	13	83
3.8400660000	1.3253040000	-0.8146035000	0.1202400000	-0.5078728000	17	77
3.3737060000	1.3983370000	-0.4250391000	0.0980096680	-0.5700201000	21	127
1.7981660000	1.5861720000	0.2579807000	0.3560692000	-1.6061170000	11	110
2.0692490000	1.0694420000	-0.1663564000	0.1006509000	-0.2028918000	22	46
3.4257740000	0.7398185000	-0.7975101000	0.2140410000	-0.1834584000	14	93
2.5738980000	1.6110160000	0.8055024000	0.9753630000	-2.2409130000	11	93
3.2881110000	1.3862590000	-0.1905429000	0.0703901650	-0.5219850000	17	77
2.6017600000	1.3862590000	-0.1857731000	0.5370610000	-1.0438850000	20	124
2.1558950000	1.1240280000	-0.1059430000	0.4852225000	-0.8045180000	10	118
3.2243340000	1.1240280000	-0.8101493000	-0.1394040000	0.1053295000	15	96
1.8142710000	1.5861720000	0.2753271000	0.4082177000	-1.6754390000	11	110
1.7062370000	1.4913300000	0.4915166000	0.2077001000	-1.0803720000	14	89
2.7402630000	1.0694420000	0.0011203598	0.2143097000	-0.4984404000	15	94
4.1013260000	2.5571780000	-0.1558725000	-0.8634862000	-0.1557340000	16	96
2.7907500000	1.9831910000	0.8966962000	-0.7147852000	-0.5464289000	14	134
2.7671050000	2.2974000000	0.8477775000	-0.6820580000	-0.7724495000	14	95
2.9187950000	1.6197290000	-0.6822969000	-1.0346760000	0.2715203000	26	156
2.7562980000	1.6197290000	-0.3805018000	-0.9948388000	0.1452921000	25	158
1.1797460000	0.7080142000	0.7879986000	-0.0367239830	-1.1959380000	13	149
2.6744480000	1.6197290000	-0.6339760000	-0.8633488000	-0.0254813840	22	157
4.1165840000	2.2974000000	0.1973755000	-0.9248056000	0.2118386000	16	96
5.8868280000	3.0577310000	-1.3008100000	-0.7889195000	-0.6945148000	14	98
4.0442250000	1.0995630000	-0.6111241000	0.5284200000	-1.1907080000	10	113
2.6738990000	1.9831910000	1.1943410000	-0.7488560000	-0.6339218000	15	89
-0.7092653000	1.3862590000	-0.4359142000	-2.1705380000	1.6925570000	21	168
3.2530260000	1.2279700000	0.4508557000	0.4275364000	-1.4829660000	11	93
2.6111960000	1.6197290000	-0.5501463000	-0.7557638000	-0.2259550000	21	164
2.3717650000	1.6197290000	-0.2880479000	-0.7956122000	-0.1962548000	21	164
2.2171070000	0.9785771000	0.3456910000	-0.5718887000	-0.4386842000	22	30
3.4023430000	1.5861720000	-0.0441509600	-0.5721686000	-0.4414930000	12	81
2.3151070000	0.8342891000	0.5419930000	0.5627423000	-1.1069920000	13	76
2.3147720000	0.4583477000	0.9938132000	0.5696023000	-1.1069920000	13	76
2.6262050000	0.4583477000	1.4616550000	0.6061078000	-1.1555160000	12	76
2.3147720000	0.4583477000	0.9938132000	0.5696023000	-1.1069920000	13	76
0.7675708000	0.4220491000	-0.6626819000	-0.7534966000	0.4690259000	18	85
0.4088500000	0.6503398000	-0.0826904030	-1.0895800000	0.0744726290	17	165
1.1154000000	1.5542420000	-0.8972538000	-0.6513001000	0.5370537000	23	171
-0.5782461000	0.6385171000	1.3126400000	0.6585380000	-1.1142190000	12	51
-9.8142125000	0.6133747000	1.0824150000	1.1707590000	-1.6914430000	12	81
-0.7108059000	0.6385171000	2.4297120000	1.1471630000	-1.6843250000	11	104
1.0934440000	3.7378530000	-0.7793276000	-2.7926790000	1.0734140000	15	100
3.8715950000	2.5620460000	-0.3491196000	-2.1715060000	0.5339453000	16	100
-1.5996120000	1.6276800000	0.6364411000	-1.5467600000	1.1464300000	16	93
2.4725850000	0.9102670000	-1.2973320000	0.7206894000	-1.3285150000	14	93
1.9215370000	0.4807742000	-0.9893329000	1.1246140000	-1.5750680000	14	89
2.4670490000	0.9102670000	-1.2590890000	1.0027110000	-1.6596010000	13	88
-0.3540263000	3.2264370000	-1.2139720000	-1.7499100000	1.0208430000	15	162
-0.2640322000	1.1173400000	1.0292730000	-2.1596470000	1.9263710000	30	106
1.8698120000	2.3478670000	-0.8274634000	-2.3882820000	1.5533800000	30	121
2.5852290000	2.1987450000	-0.7335474000	-2.1172400000	1.3201620000	30	121
-0.8739426000	1.9096310000	-0.6957185000	-1.7960000000	0.5280505000	12	87
2.2101920000	0.4115928000	-0.5084366000	0.6169770000	-0.5450809000	19	41
2.2261960000	1.9831910000	1.1281600000	-0.6594218000	-0.5901737000	23	156
2.3787860000	1.9831910000	1.3580670000	-0.6551639000	-0.7214112000	16	89
2.4436230000	2.2974000000	1.1867130000	-0.7033499000	-0.8016139000	25	167
2.6628180000	1.9831910000	1.7057740000	-0.5231378000	-0.8526487000	25	167
1.2631190000	0.7138885000	0.1795348000	0.3684165000	-1.0075090000	19	161
0.3504662000	0.9785771000	-0.9784691000	-0.3647268000	0.6406431000	22	140
1.6240390000	1.0645010000	1.3624160000	1.0956270000	-1.8876930000	11	54
0.8384991000	1.6939170000	2.3698100000	0.8108693000	-1.8342370000	11	94
2.8327560000	2.6009160000	-0.9653045000	-2.3423320000	1.9053190000	15	92
2.1962690000	2.7097480000	0.7010308000	-1.2692100000	-0.1312243000	14	80
2.4400810000	2.9531430000	1.2903130000	-1.2778760000	-0.2605357000	12	90
1.3261130000	1.7611800000	-0.1098559000	-1.3606200000	0.3687369000	17	147
2.3952360000	2.0962850000	-0.6085996000	-1.8802700000	0.9511045000	27	171
2.8175300000	1.0995630000	0.8436817000	-0.6666619000	0.0957059860	30	22
2.4990680000	1.7611800000	-0.8094911000	-0.4537877000	-0.4146876000	11	77
2.3915700000	0.9102670000	-0.5437226000	0.8767042000	-1.5116630000	14	93
3.4267610000	1.9940630000	-0.5805620000	-0.2480665000	-0.2633686000	13	100
2.8850770000	2.0825860000	-1.0145230000	-1.7082690000	1.3968210000	20	130
1.7828640000	2.3380550000	2.1109510000	-0.4398780000	-1.4951990000	10	104
2.5597250000	2.6574300000	2.2702570000	-0.7592301000	-1.4606690000	10	82
2.1766430000	1.9226640000	2.0263980000	-0.5415088000	-1.0564840000	10	63
2.7977750000	1.9940630000	1.8981730000	0.0400321220	-1.6690090000	9	91
-0.2316297000	0.8861365000	2.6486680000	1.6467010000	-2.4116160000	5	57
-0.4448943000	1.9615100000	-0.7850980000	-0.4089870000	-0.6216733000	15	17
6.6161498000	1.9615100000	-0.4161747000	-0.8873289000	0.0723979920	18	51
-0.2339714000	1.4572330000	-0.6622319000	-0.7179346000	-0.4301765000	29	176
1.1373980000	1.1173400000	1.5892630000	-0.7181407000	0.2431484000	15	35
1.3946130000	1.1173400000	2.0661830000	-0.5219149000	0.0140175070	15	31
3.0574270000	0.5829577000	0.5355937000	1.5408230000	-2.1098430000	8	49
3.1193280000	0.5829577000	0.5951103000	1.6615790000	-2.2508480000	8	49
1.5240730000	0.5555358000	1.4489080000	1.7367830000	-2.3714810000	12	88
1.5693890000	1.7094790000	-0.8722126000	1.1916620000	-2.0453640000	8	87
2.5298850000	1.9407900000	0.1933047000	0.9825622000	-1.9389350000	8	85
2.7737320000	0.7775186000	0.6131552000	0.4686049000	-1.0318780000	10	63
0.3310761000	1.4572330000	-0.6622319000	-0.6508105000	-0.4301765000	23	167
2.6281930000	1.4913300000	1.8650480000	0.1928214000	-1.6692870000	11	98
2.6820770000	1.2102300000	0.3932852000	-0.0125319500	-0.9614158000	12	75
2.7567410000	1.2719170000	0.2093291000	-0.0804568230	-0.7228500000	14	101
1.9711050000	1.2279700000	2.4518700000	1.6172750000	-2.8472650000	7	68
2.7108640000	1.2279700000	2.4290320000	1.1104320000	-2.1926820000	8	58
3.1528740000	1.6110160000	2.0542760000	0.9166829000	-2.1651200000	9	62
2.9936740000	1.6110160000	2.4769860000	0.6125850000	-1.7723670000	9	63
1.3661880000	1.3043820000	1.1664970000	1.1655910000	-2.0637990000	11	104
2.8123120000	1.7835630000	-1.2699330000	-0.5798946000	0.0118081340	14	90
2.7978390000	1.4415630000	-1.2061390000	-0.4083534000	-0.0161578170	14	90
2.5172440000	1.8899880000	0.9151773000	0.4787066000	-1.5671360000	13	69
2.8879620000	1.6110160000	2.1931190000	1.2154500000	-2.5509830000	9	68
1.7373860000	1.2279700000	2.8026150000	1.4412090000	-2.6198800000	8	77
1.7935830000	1.2279700000	2.7813990000	1.3878580000	-2.5509770000	8	77
2.8198140000	1.6110160000	2.1085950000	0.9646946000	-2.2271340000	10	71
3.0678420000	1.6110160000	1.9916070000	0.9113432000	-2.1582300000	9	64
2.8194480000	1.6110160000	2.1415310000	1.0874060000	-2.3856120000	8	60
3.0673550000	1.6110160000	2.0291320000	1.0340540000	-2.3167090000	8	58
3.0821360000	1.6110160000	1.9438350000	1.1621000000	-2.4820770000	8	58
2.4669710000	1.2279700000	2.5290350000	1.1584440000	-2.2546950000	11	75
2.9256470000	1.6110160000	2.1725330000	1.1994470000	-2.5303110000	8	62
3.1935290000	1.6110160000	1.9478530000	1.2207850000	-2.5578730000	7	59
2.8425640000	1.2279700000	2.3189870000	1.4145350000	-2.5854350000	8	64
2.9446490000	1.6110160000	1.9806510000	1.1781030000	-2.5027490000	8	62
-0.3827665000	0.4072283000	0.9622309000	0.1535288000	-0.0199381040	16	140
3.2784150000	2.2974000000	0.9375176000	-1.0823910000	-0.1964579000	23	30
3.2784150000	2.2974000000	1.2635850000	-1.1931210000	-0.1964579000	23	30
3.1819660000	2.2974000000	0.9064900000	-1.0823910000	-0.1964579000	23	30
-1.0779800000	2.1408730000	1.9966000000	-1.3904110000	0.5141216000	24	9
-1.0363070000	2.1408730000	1.4640390000	-1.4250600000	0.5550400000	23	6
3.0357490000	1.6276800000	-1.0199640000	-0.4614089000	-0.3974404000	15	98
3.2981270000	1.3043820000	-0.0603772140	1.3215080000	-2.2479340000	9	88
3.3463150000	3.1003630000	-1.3074660000	-1.2875530000	-0.1684772000	16	92
2.5375270000	1.0729080000	0.7395777000	0.3757346000	-0.6854754000	11	110
2.9692590000	1.3043820000	1.7393970000	1.0154520000	-1.8864840000	9	108
2.9531140000	1.3043820000	1.6963900000	1.0558750000	-1.9342250000	9	108
3.1805310000	0.8861365000	2.4778570000	1.4907930000	-2.2274760000	6	109
3.4852680000	0.8861365000	2.2874820000	1.4676970000	-2.2001960000	10	87
3.3077240000	0.8861365000	0.7898814000	1.3175570000	-2.0228780000	10	95
0.2149532000	2.8675180000	0.1262111000	-2.1794260000	0.8484854000	14	108
2.4207270000	0.5222055000	-1.1330900000	0.7763565000	-1.1866950000	12	86
-0.5435833000	1.6077990000	-0.5075281000	-0.9374220000	-0.0944615750	12	124
1.5682130000	0.9719173000	0.3514041000	-0.4712742000	0.0400135820	16	110
-1.5074450000	1.7401880000	0.2503257000	-0.9891924000	-0.1592147000	22	24
2.7860620000	1.8482350000	-0.8990668000	-0.7109457000	-0.0549699590	15	70
1.4600700000	0.9785771000	1.1405490000	-0.1028145000	-1.6689680000	13	153
1.2888380000	0.9742298000	2.7145750000	1.1251340000	-1.8384880000	11	59
0.9789013000	0.9742298000	2.3369100000	1.1122880000	-1.8234110000	12	70
2.7582700000	1.0729080000	-0.2492628000	0.5361926000	-1.0679000000	16	80
0.6889190000	1.0312750000	1.0345360000	1.4960850000	-2.3291660000	9	66
2.7562050000	1.6077990000	0.9927313000	0.3117941000	-0.8069634000	11	37
1.0143320000	1.3043820000	2.3451780000	1.4254360000	-2.3706920000	9	80
0.9506714000	1.1878970000	-0.2519810000	-0.3237987000	-0.0878452510	14	88
1.0353110000	1.1878970000	-0.1744502000	-0.5587222000	0.2327116000	26	166
2.3003020000	1.1240280000	-0.8716610000	0.2738111000	-0.4919748000	13	104
2.4950500000	2.0126500000	-0.4047188000	-0.5089791000	-0.0034185720	15	114
3.9225380000	1.4677260000	-1.3210380000	0.0398094470	-0.1514224000	14	97
2.1753880000	1.0729080000	-0.0901671050	0.4782347000	-0.9957473000	12	85
2.5155890000	1.0729080000	1.1791570000	0.4916135000	-1.0462550000	11	81
2.9397150000	1.3253040000	0.5310655000	0.2908792000	-0.4705834000	11	97
3.1379120000	1.6110160000	2.6508560000	0.8046366000	-2.0204180000	11	75
1.8430420000	0.4610806000	-0.9404308000	1.6612030000	-2.1807770000	11	91
2.1554840000	1.2829710000	-1.2189540000	1.0067930000	-1.8475660000	12	93
1.6626680000	0.4610806000	-0.8811826000	1.6440780000	-2.1607830000	12	85
2.6603580000	1.6626350000	-0.0555745290	-0.1878347000	-0.1825901000	13	96
1.8248070000	1.0909690000	0.7599152000	0.1043285000	-0.4493490000	14	94
1.4486450000	2.6574300000	0.4109224000	-2.1330290000	0.9992640000	26	157
1.6895960000	1.0694420000	-0.4681760000	0.0597371500	-0.7025186000	12	93
3.0180620000	1.3983370000	-0.0896442910	0.3698767000	-0.9740991000	16	60
3.1723540000	0.5829577000	-1.2330910000	1.8200730000	-2.4359160000	9	70
2.2861820000	0.5829577000	0.2323326000	1.3823300000	-1.9247720000	13	91
2.2768910000	1.6110160000	2.2421000000	1.1620960000	-2.4820740000	9	81
2.3632230000	0.5829577000	-0.9448555000	1.7370500000	-2.3389700000	12	91
0.9940025000	1.2403210000	-1.2607650000	-0.1158432000	-0.4651597000	15	79
2.5736160000	1.3043820000	1.7906820000	1.5062810000	-2.4661730000	8	81
2.7373650000	1.3043820000	1.7126760000	1.5236040000	-2.4866340000	8	70
2.5808080000	1.3043820000	2.1287030000	1.4254360000	-2.3706920000	12	92
2.3936220000	2.0126500000	-0.3767616000	-0.5705058000	-0.0034185720	15	109
2.5065420000	1.7237660000	-0.3030079000	0.2570534000	-0.8514322000	14	44
2.6416590000	1.0729080000	-0.2679109000	0.4292278000	-0.8947251000	17	75
2.7582700000	1.0729080000	-0.2492628000	0.5361926000	-1.0679000000	16	80
2.7199510000	1.0729080000	-0.1577428000	0.5673917000	-1.1184110000	16	77
2.8132020000	1.3253040000	0.5860427000	0.6030363000	-0.8359859000	11	37
1.1144780000	1.8214240000	0.2564470000	-0.1856798000	-0.5822685000	15	81
0.7252960000	2.1701220000	0.4912198000	-0.3409516000	-0.6100504000	15	81
1.1784830000	1.8482350000	0.7221792000	-0.1309604000	-1.0110920000	14	89
1.4857160000	1.8482350000	1.1336570000	-0.1012149000	-1.0526610000	14	90
2.0181850000	1.0694420000	0.9864084000	0.2597684000	-0.8502851000	12	103
2.1074020000	1.0694420000	1.1026150000	0.2779569000	-0.7799168000	12	104
2.0834620000	1.0694420000	1.0607000000	0.3234199000	-0.8502851000	12	103
3.8829040000	1.1898250000	-0.7961630000	0.0935902600	-0.6315804000	13	79
3.8829040000	1.1898250000	-0.9329024000	0.1883272000	-0.6315804000	13	79
4.0716420000	1.9831910000	0.5394115000	-0.5359087000	-0.1745871000	24	155
-0.1453375000	1.2046160000	1.0879280000	-0.5658948000	-0.3479018000	26	18
-7.1892440000	0.9615990000	0.9487951000	-0.5741684000	-0.3247172000	13	158
-0.1963609000	0.9615990000	-0.1224779000	-0.8661987000	0.0742858650	10	123
0.1586596000	0.7138885000	0.2340647000	-0.6221200000	0.2229318000	13	97
-0.4793192000	0.6486223000	1.4358810000	-0.0440976060	-0.3327430000	21	16
2.2903170000	0.8743806000	1.0880780000	1.1377090000	-1.7320930000	13	82
1.5296400000	0.4220491000	1.1725980000	1.2609950000	-1.9193510000	11	71
2.3880030000	1.5861720000	1.0238620000	0.5385853000	-1.6893050000	10	76
2.4850360000	1.2279700000	2.5099510000	1.3184980000	-2.4614050000	11	75
2.9821960000	1.6110160000	2.0888860000	1.1674350000	-2.4889670000	8	58
2.1663750000	1.7401880000	-0.5969366000	-0.5476474000	-0.1202605000	23	166
2.0627330000	1.7401880000	-0.6992909000	-0.3884032000	-0.3695289000	23	165
3.3375370000	1.6310110000	0.8522491000	0.3270264000	-0.6420999000	11	92
3.1869150000	1.1240280000	-0.7714489000	0.0768123570	-0.1030369000	15	92
3.1650350000	0.7753301000	-0.4847547000	-0.0177667530	0.1122743000	20	132
2.6252980000	1.1240280000	-0.6832174000	0.0864211920	-0.4016842000	14	98
3.1620220000	1.1240280000	-0.7501994000	-0.0000614157	-0.0960888940	14	94
3.0624160000	0.7753301000	-1.2781500000	0.2993486000	-0.2072200000	18	114
2.9599250000	0.7775186000	-0.3994240000	-0.2154884000	0.4092339000	16	84
1.4136240000	0.6133747000	1.1415340000	1.2180300000	-1.7465510000	12	77
3.4019220000	1.3253040000	1.6753430000	0.2742295000	-0.9851327000	12	85
3.4403080000	1.6310110000	0.0876242070	0.2104885000	-0.1722932000	13	83
2.1447910000	0.5829577000	1.3054240000	1.8578060000	-2.4799750000	10	71
3.5566900000	1.6310110000	0.8311778000	0.3436767000	-0.6719292000	11	91
2.0886710000	1.1240280000	-0.3080352000	0.5092487000	-0.8323000000	9	118
2.8138840000	0.4656047000	-0.9644818000	0.1293273000	-0.4854687000	15	76
2.8845820000	0.4656047000	-0.9704370000	0.0755984780	-0.4177556000	15	76
1.6148280000	0.8861365000	1.8235410000	0.6881267000	-1.2795120000	13	80
1.7736150000	0.8861365000	1.5485910000	0.4455997000	-0.9930707000	12	66
1.1728420000	1.2829710000	2.1753620000	-0.0322219730	-0.6346858000	13	72
1.0021520000	1.2829710000	2.1579570000	-0.0036799777	-0.6680063000	12	66
3.3253063000	1.6310110000	0.3592527000	-1.4875960000	0.8642517000	21	170
0.3119790000	1.3547740000	-0.3723620000	-1.2785200000	1.2033970000	19	168
0.7179505000	1.6197290000	-0.0994397330	-0.8792751000	0.4348561000	23	158
-0.8721623000	1.8025290000	-0.8518880000	-1.0726220000	0.8235620000	14	97
-0.6731979000	1.2703590000	0.5035628000	-0.6513068000	0.0368199800	18	34
-0.1550494000	1.3253040000	0.1637444000	-1.8858440000	1.3042390000	22	16
-0.7061691000	0.6732519000	-0.5598939000	-0.8892677000	0.7744312000	28	6
0.5442680000	0.6503398000	2.3190240000	0.9045845000	-1.3743770000	6	58
3.8538370000	1.2403210000	-0.4039585000	-0.0030116804	-0.7834134000	14	90
-0.7309288000	1.3043820000	-0.2802523000	-0.7688884000	0.2208551000	22	20
3.1076610000	1.0694420000	1.2201360000	0.2597820000	-0.8432519000	14	63
3.4196590000	1.0694420000	0.4037223000	0.1006541000	-0.5758512000	12	100
3.4509380000	1.0694420000	0.4312721000	0.0551916620	-0.5477065000	12	100
2.8797990000	1.7094790000	-0.3900943000	-0.0894975890	-0.4937739000	18	60
3.4067530000	1.3983370000	0.4093986000	0.0266984890	-0.6710424000	17	66
1.6622240000	1.5861720000	0.4498054000	0.3769320000	-1.6338460000	11	102
1.7966820000	1.5861720000	0.6131048000	0.3247840000	-1.5645240000	11	113
2.8065530000	1.3043820000	1.8536260000	1.0558750000	-1.9342250000	9	110
1.8623920000	1.0694420000	0.4310843000	0.2915939000	-0.7939922000	14	101
1.6893340000	0.8529630000	0.9408637000	1.1861160000	-1.8871510000	11	91
2.0567400000	2.2249070000	0.5577891000	-1.5790860000	0.1675681000	17	162
2.4795560000	2.8725970000	0.8798578000	-1.6563810000	-0.2114880000	13	95
2.1536930000	2.2114630000	0.3872963000	-0.8542641000	-0.5219654000	12	135
2.1861960000	2.2114630000	1.0145030000	-1.0298050000	-0.4694628000	12	135
2.1536930000	2.2114630000	0.5621693000	-0.8665093000	-0.5219654000	12	135
1.4298940000	1.9096310000	0.6871328000	-0.7386689000	-0.5144627000	12	149
1.7636590000	1.6077990000	0.4463803000	-0.8557647000	-0.3119581000	11	138
-0.1181380000	0.9266191000	2.4650310000	-0.2307810000	-0.4236868000	8	99
-0.1611223000	1.6939170000	-0.6602580000	-1.0730510000	0.3649333000	19	49
3.2822030000	1.6110160000	2.6235310000	0.6659225000	-1.8412670000	11	70
2.9949250000	1.6110160000	2.5063290000	0.7672899000	-1.9721840000	10	64
2.9384250000	1.6110160000	2.8376860000	0.7192729000	-1.9515140000	11	75
2.3003020000	1.1240280000	-0.8125606000	0.3795145000	-0.6447741000	13	104
0.6637002000	1.2829710000	2.4969040000	0.9496906000	-1.7809220000	8	59
2.6223850000	2.5132960000	-1.2403700000	-2.0394510000	1.4205790000	25	33
2.5051200000	1.4415630000	-1.1784920000	-0.1721663000	-0.3657273000	13	103
2.5821920000	1.0729080000	0.9254953000	0.3222539000	-1.0173920000	11	81
1.6515320000	1.0729080000	1.0133750000	0.8080482000	-1.5946460000	9	79
2.5710990000	1.2279700000	1.9679730000	1.2224650000	-2.1168860000	9	72
-0.8577866000	1.3862590000	1.6841010000	-2.2585920000	1.6855020000	30	166
2.0117320000	1.6110160000	1.9742590000	0.9860330000	-2.2546890000	10	81
1.4476000000	1.2279700000	2.8233680000	1.3985220000	-2.5647560000	9	73
3.1259030000	1.3862590000	0.1178742000	0.1496323000	-0.7194594000	15	75
3.1017680000	1.1240280000	-0.6975452000	0.2257638000	-0.4225214000	14	92
2.0203770000	2.5620460000	-0.0184738260	-1.3287710000	0.2152391000	25	158
2.9302220000	1.9940630000	1.5487300000	0.4508485000	-1.9584040000	9	93
2.6010020000	2.2489840000	-0.0733776470	-1.3198710000	-0.3786352000	13	88
3.5816710000	1.3253040000	-1.0972030000	-0.5664791000	-0.1648401000	15	112
1.8794380000	0.4678911000	-0.4638225000	0.4300985000	-0.7543796000	8	93
-0.9808836000	2.0824320000	-0.3921016000	-0.7384759000	-0.2635111000	13	77
4.1536100000	0.7474784000	-0.5006445000	0.4395470000	-0.8730802000	12	70
4.1536100000	1.0729080000	-0.1683779000	0.2776947000	-0.8730802000	12	70
3.4653100000	0.7474784000	0.6393369000	0.8272884000	-1.5008420000	9	102
3.1749560000	0.4583477000	0.8662320000	1.0702270000	-1.5575860000	11	77
2.5428540000	0.7753301000	-0.5369883000	0.4434951000	-1.1934620000	10	107
2.5428540000	0.7753301000	-0.4853996000	0.5491990000	-1.1934620000	10	107
2.5428540000	0.7753301000	-0.5369883000	0.4434951000	-1.1934620000	10	107
2.7802040000	0.7243533000	-0.6402093000	0.4592192000	-0.9945596000	9	108
2.0494110000	0.8720259000	-0.5489114000	0.9001171000	-1.5076960000	9	94
1.9429230000	0.8342891000	-0.4361930000	0.6618242000	-0.8643641000	9	102
3.0095930000	0.7383351000	-0.7785227000	0.7021992000	-1.3006520000	9	108
2.8007070000	1.0694420000	-1.0654550000	0.2870397000	-0.8010350000	10	114
3.7172570000	1.1240280000	-0.6717538000	0.0095427530	-0.6308846000	18	45
3.9198220000	1.4005490000	0.3683278000	-0.5009078000	-0.6462165000	11	106
3.8757270000	0.4266320000	-0.8611014000	0.1615308000	-0.5683761000	13	98
2.5017200000	0.7398185000	-0.7294468000	-0.2790440000	-0.3597769000	8	99
2.4976900000	0.4206131000	-0.7476160000	0.8320414000	-0.9418083000	11	105
1.7007910000	0.4583477000	-0.0734116660	0.6269636000	-0.7742440000	12	64
-1.4734320000	0.8743806000	0.5597939000	0.0105827540	-0.2349347000	15	87
3.6415330000	3.3921970000	1.0957170000	-1.8349300000	0.0027473844	13	92
1.5305210000	1.3547740000	-0.9085082000	-2.2836240000	2.6105650000	29	27
1.5305210000	1.3547740000	-1.0834000000	-2.2580690000	2.6105650000	29	27
3.5116500000	1.2719170000	-0.6083446000	-0.5156846000	0.0056738635	14	82
1.5560100000	1.6197290000	3.2332950000	-1.4251540000	0.2195408000	10	102
1.3204050000	1.0145510000	2.5376990000	-0.8090307000	-0.6194743000	10	110
-0.1265311000	0.8205138000	3.1283550000	0.6124077000	-1.0913330000	8	132
1.8630160000	1.8214240000	-0.5426026000	-1.3868860000	0.9665579000	14	27
-0.5896990000	0.6555285000	2.6318260000	0.4045759000	-0.8818321000	2	47
0.3962874000	0.6823022000	3.7149320000	1.5105440000	-1.8412540000	8	138
0.3962874000	0.6823022000	3.7149320000	1.5105440000	-1.8412540000	8	138
-1.3168670000	0.4047153000	3.7790520000	1.6571660000	-2.1509360000	1	83
2.3095540000	1.3983370000	1.5543120000	-0.9092320000	-0.0865767750	14	91
-1.4014860000	0.4610806000	1.4058870000	1.5241840000	-2.0208350000	4	47
2.8048800000	1.4826130000	0.6627162000	-0.9455297000	-0.1963257000	13	109
0.4494499000	0.8529630000	1.0245610000	-0.1517641000	-0.4042202000	9	140
-0.8842702000	0.4207583000	-1.0457630000	-0.3924211000	0.4172626000	21	137
-0.3492294000	0.9615990000	-0.3203702000	-1.2765120000	0.6037370000	14	139
-0.3492294000	0.9615990000	-0.3203702000	-1.2765120000	0.6037370000	14	139
0.9053009000	1.3498740000	-0.6308323000	-0.8207142000	0.7743686000	13	96
1.4295800000	1.7969240000	0.6327468000	-1.3798320000	0.3812236000	18	51
3.4507580000	2.0753660000	-1.4743940000	-0.4383817000	-0.3937758000	14	93
3.7097810000	1.7969240000	-0.7522417000	-0.0934320170	0.1663721000	12	79
3.7097810000	1.7969240000	-0.7039394000	-0.0934320170	0.1663721000	12	79
-0.3492294000	0.9615990000	-0.3203702000	-1.2765120000	0.6037370000	14	139
0.5552285000	1.2432250000	0.4527896000	-1.1404660000	0.1020776000	10	87
4.0279960000	1.2279700000	0.2772163000	0.0700773300	-0.6285629000	14	108
3.4111230000	1.6110160000	-1.2782010000	-0.5824991000	-0.3736194000	12	76
3.6293790000	1.6110160000	-0.9806647000	-0.6305162000	-0.3116059000	12	75
3.9852610000	1.2279700000	-1.2526740000	-0.4047534000	-0.3805091000	11	84
3.8214580000	1.6110160000	-1.2631130000	-0.5771644000	-0.3805091000	11	84
1.1201790000	0.9615990000	-0.1067872000	-0.6185256000	0.6037336000	30	146
1.1201790000	0.9615990000	-0.0293910780	-0.6998477000	0.6037336000	30	146
1.0019100000	0.5829577000	-0.4728985000	1.0578080000	-1.5458320000	12	92
0.8400641000	1.5734670000	-1.3406560000	0.1713160000	-1.0669620000	21	137
-0.8297743000	1.8713410000	-0.4106230000	-0.9446923000	0.1208132000	26	9
3.7143020000	1.3253040000	0.3517420000	0.0120276560	-0.1499204000	13	90
3.6238230000	1.3253040000	-0.0385475680	-0.0129446520	-0.1051779000	13	89
2.8976470000	1.6310110000	0.1403842000	-0.2556515000	0.0812548030	12	85
3.6100060000	1.6310110000	0.3749327000	-0.0642003190	-0.2543214000	12	85
3.3720350000	1.6310110000	0.4868323000	-0.0933359640	-0.2095757000	12	84
2.3999790000	1.4727260000	0.8314199000	0.0416613410	-0.6864487000	14	101
0.2107405000	2.4023960000	-1.0577670000	0.1315863000	-1.3115740000	13	87
3.2094710000	1.5224720000	1.1731740000	-0.2820380000	-0.5165883000	13	76
2.0388110000	1.7401880000	-0.6583987000	-0.4173563000	-0.3150004000	22	157
2.3451330000	1.4677260000	-0.4915804000	-0.2280135000	-0.2293136000	23	155
2.9685940000	0.7753301000	-1.0096580000	0.0398898760	-0.1099783000	15	96
2.0342210000	1.1240280000	-0.4024925000	0.3939313000	-0.8461927000	11	111
2.1551740000	0.7575636000	-0.4666756000	0.7991599000	-1.0368970000	11	101
2.2525940000	1.0729080000	-0.5901589000	0.5941119000	-0.9957473000	12	85
0.3957614000	0.4678911000	-0.2785303000	1.3309220000	-1.8182860000	10	108
2.0384920000	2.5274960000	0.2246871000	-0.4368011000	0.1007503000	12	91
-1.3052750000	1.1240280000	1.5655010000	-0.3219941000	-0.4641992000	15	101
-1.3893380000	1.3385470000	-1.3771460000	-2.8398070000	2.6119170000	30	85
0.5966483000	1.0645010000	-0.0348977300	-0.4943073000	0.0043058125	16	106
1.3776020000	0.4618773000	3.0074780000	1.1084690000	-1.7448080000	9	61
1.3252210000	0.7023029000	2.4148290000	0.2421681000	-1.1594800000	19	16
9.4864406000	0.5555358000	1.8036120000	-0.8550232000	0.7127267000	25	20
-1.4789790000	0.6133747000	0.1776712000	0.5247693000	-0.9381562000	10	78
0.6339226000	1.2403210000	-0.7564879000	0.0184871800	-0.6344426000	16	84
1.9332100000	0.4610806000	-0.9802698000	1.6783280000	-2.2007710000	11	85
0.6398104000	0.8720259000	-0.4206035000	0.9800481000	-1.6009940000	14	77
0.8846024000	0.8720259000	1.1382570000	1.1113500000	-1.7542690000	11	91
1.8430420000	0.4610806000	-0.9404308000	1.6612030000	-2.1807770000	11	91
1.3596990000	0.4610806000	-0.3699879000	1.2844250000	-1.7409390000	12	63
-0.7000577000	1.5181610000	0.0976699140	-1.9011390000	1.4149570000	30	153
2.0992470000	0.5163504000	2.9722250000	1.7695350000	-2.3510280000	2	35
1.2983530000	1.9621130000	2.9307230000	-0.2818001000	-1.5575950000	13	82
3.5471990000	1.2279700000	0.3053929000	0.3528412000	-0.9937539000	11	77
3.7496630000	1.6110160000	-1.0520570000	-0.7212141000	-0.1944687000	12	75
3.1937820000	1.2279700000	-1.1236890000	-0.2713775000	-0.5527700000	10	84
3.7673950000	1.6110160000	-1.1545930000	-0.7425575000	-0.1669069000	12	76
-1.5013380000	0.7575636000	1.1035940000	-0.5848778000	0.3683747000	15	72
-0.1616483000	0.6936504000	-1.1222560000	-0.1249490000	-0.2301058000	13	53
4.1335890000	1.6110160000	1.3695550000	0.8579919000	-2.0893240000	10	90
2.9466020000	0.7775186000	1.2099480000	0.3793703000	-1.1704420000	9	86
2.2930000000	1.0729080000	-0.2035184000	0.4113815000	-0.9163764000	10	82
1.7827060000	0.7474784000	-0.0219175960	0.9921816000	-1.2482960000	9	94
2.6899940000	1.0195960000	0.6098355000	0.3296514000	-0.2990638000	12	78
2.4029870000	1.0909690000	-0.6216923000	0.3958189000	-0.6434672000	13	109
2.6356410000	1.4260740000	-0.2351898000	0.4545050000	-0.9554493000	12	105
2.6532320000	1.0729080000	0.6807419000	0.2420275000	-0.8081359000	12	99
0.7712922000	0.8529630000	0.6499933000	-1.3177160000	0.9974649000	23	152
2.8552360000	1.7094790000	-0.0013484058	0.0161668990	-0.6630371000	16	77
2.6004790000	1.4727260000	-0.4712997000	0.0464699040	-0.3877948000	14	92
3.1771530000	1.6110160000	2.0571240000	1.0340540000	-2.3167090000	8	58
2.8444830000	1.6110160000	2.1823430000	1.2527980000	-2.5992140000	8	62
3.0575750000	1.6110160000	2.3604860000	1.0607280000	-2.3511600000	10	71
2.6448620000	1.2279700000	2.5937210000	1.3185020000	-2.4614050000	9	56
3.0489150000	1.6110160000	1.9440180000	1.0447280000	-2.3304910000	7	58
2.9327550000	1.2279700000	1.9690450000	1.2171390000	-2.3304910000	8	61
2.0306610000	1.1240280000	-0.3261767000	0.2642022000	-0.4780854000	10	121
3.7246710000	1.4677260000	-1.4148420000	-0.0325734060	-0.1514224000	14	96
2.4934040000	1.3253040000	1.1733450000	0.3033675000	-0.5451587000	11	97
2.8134020000	1.0729080000	-0.0158561650	0.2286544000	-0.5267305000	12	83
2.7668910000	1.0729080000	-0.0201863780	0.1484314000	-0.3896336000	12	84
2.5686450000	1.6110160000	0.5293169000	1.1727690000	-2.4958560000	9	95
2.1098490000	1.2279700000	0.7079198000	1.3505140000	-2.5027460000	8	98
1.5978530000	0.8720259000	-0.7322159000	1.3111600000	-1.9875150000	11	100
1.6808110000	0.8720259000	-0.7100928000	1.3682470000	-2.0541590000	12	88
1.9973550000	1.4260740000	0.3288174000	-0.3227805000	-0.2690918000	25	21
2.9080810000	1.7237660000	-0.0605238600	-0.0415610520	-1.0462620000	11	74
2.9796140000	1.3983370000	0.3848269000	-0.0089607826	-0.6421858000	12	108
3.1511660000	1.0729080000	0.2559206000	0.1885474000	-0.8009276000	12	111
2.9635870000	1.0729080000	0.1982925000	0.4113894000	-1.1689250000	9	78
3.0252320000	1.6110160000	1.1705320000	0.5965754000	-1.7516980000	10	92
3.2683970000	1.6110160000	1.0000630000	0.6499218000	-1.8206010000	10	99
2.8201250000	1.6110160000	2.3327610000	1.0447230000	-2.3304850000	9	76
2.6363230000	1.2279700000	2.7297550000	1.2544770000	-2.3787190000	10	72
2.9819740000	1.6110160000	2.7595650000	0.9220127000	-2.1720100000	9	67
2.0176620000	1.3043820000	2.5347430000	1.3215040000	-2.2479430000	7	99
2.0656840000	1.3043820000	2.5678270000	1.2637590000	-2.1797440000	7	99
2.4980340000	1.6110160000	2.5649500000	1.1567600000	-2.4751870000	8	86
3.3114660000	1.0405650000	0.0733379870	0.0558416060	0.0076919799	25	24
3.3114660000	1.0405650000	-0.0562061290	0.0217707530	0.0076919799	25	24
3.4108920000	1.6110160000	0.1446629000	0.8153100000	-2.0342030000	10	101
4.0793300000	1.6110160000	0.8960392000	1.0073800000	-2.2822540000	9	97
2.6765920000	1.3043820000	1.6705270000	1.5813480000	-2.5548320000	8	70
-0.7478104000	0.6647732000	-0.3464931000	-1.2252210000	1.0843740000	21	130
0.2730376000	1.1714450000	-0.2573797000	-1.3920820000	1.0001600000	20	161
-0.7464038000	1.1240280000	-0.5850959000	-1.0571280000	1.1471390000	18	99
2.0903140000	1.6276800000	0.8427045000	1.1021180000	-2.2121720000	10	100
2.3202600000	1.6110160000	0.7234278000	1.1140790000	-2.4200600000	11	95
2.7802710000	1.1240280000	-0.4041791000	0.0047430010	-0.1030336000	14	92
2.9509760000	1.1240280000	-0.6962801000	0.2642027000	-0.4780854000	13	103
2.3373130000	1.3253040000	1.0970030000	0.2201221000	-1.1417330000	11	89
2.5140220000	2.0126500000	-0.3619983000	-0.4727883000	-0.0034185720	21	165
3.6177780000	1.6310110000	0.6322860000	0.2854078000	-0.5376988000	11	92
2.1646320000	0.7753301000	-0.9226253000	0.4627169000	-0.5405940000	13	104
2.2657030000	1.1240280000	-0.8866178000	0.3074451000	-0.5405940000	11	113
3.0990280000	0.7753301000	-1.2851340000	0.1648151000	-0.1099783000	15	96
1.9331540000	2.1048620000	1.2802140000	-2.0282330000	1.2645970000	18	73
0.1199619000	3.0899370000	1.4337620000	-2.0232720000	0.3834514000	22	30
2.9034680000	1.7316560000	-0.3880467000	-1.3843340000	0.5289389000	18	160
2.7625520000	2.0627620000	-0.7999956000	-1.3721310000	0.5007910000	18	160
2.7736420000	1.7316560000	0.4323907000	-0.8205865000	-0.3436349000	19	164
1.9903680000	0.8720259000	-0.6716456000	1.4424660000	-2.1407900000	12	84
1.4378830000	0.4610806000	-0.8516509000	1.7982160000	-2.3407150000	9	98
1.8073930000	0.8720259000	-0.7530054000	1.4653040000	-2.1674470000	11	81
1.8111430000	0.8720259000	-1.1879990000	1.2883270000	-1.9608580000	12	91
0.9629961000	0.8720259000	-0.8549204000	1.0770990000	-1.7142850000	13	92
0.1807784000	4.0494040000	0.3286069000	-2.4309490000	-0.0340105300	17	145
-1.0205140000	3.2204770000	0.7644053000	-3.0288100000	1.8543560000	20	26
2.3724330000	0.4093728000	0.2988167000	-0.2247763000	-0.0774573980	19	29
3.2625860000	1.7611800000	-0.2258229000	-0.7776612000	-0.1027087000	21	28
2.1063800000	1.0909690000	0.6813191000	-0.1177468000	-0.3730912000	21	19
0.8694541000	0.6133747000	0.3309756000	-0.5545171000	0.3203696000	16	67
3.8405180000	1.4727260000	1.5071840000	-0.2994761000	-0.7697913000	12	97
-0.3763886000	2.2114630000	2.0057810000	-1.9116130000	1.0380610000	18	15
-0.2260347000	2.2114630000	2.0117090000	-1.8952810000	1.0080600000	17	12
0.2701490000	2.2114630000	1.0014240000	-1.9034490000	1.3380650000	17	17
2.1908492000	1.6077990000	0.1557166000	-1.3538310000	0.8955555000	18	15
-7.0839919000	2.2114630000	1.0801270000	-2.0095910000	1.5630740000	17	17
0.2239911000	1.9096310000	1.0371040000	-1.7756090000	1.3755720000	20	16
0.2045158000	2.5132960000	1.4899850000	-2.2680680000	1.5630740000	17	17
1.6733950000	0.9742298000	-0.2364984000	0.1230464000	-0.6626391000	19	144
1.3901210000	0.9742298000	-0.2024570000	0.0909255670	-0.6249522000	22	158
0.1114429000	3.0248140000	-0.7598734000	-1.2153690000	-0.5895877000	11	68
1.9686210000	1.7611800000	-0.7021484000	0.2217076000	-0.8791917000	12	99
1.9686210000	1.7611800000	-1.1862140000	0.3882678000	-0.8861270000	12	99
-0.5102442000	0.9764892000	-0.0772253950	-1.1493500000	1.4080480000	30	161
-0.1620706000	0.5555358000	1.9249310000	0.4154720000	-0.7991487000	10	158
-0.8750204000	0.8861365000	0.3688044000	1.1212110000	-1.7910000000	12	111
1.5019880000	1.4216290000	-0.0156891200	-0.5984458000	-0.0481372290	21	165
1.3871310000	0.9719173000	-0.3309361000	-1.0221190000	0.6864161000	26	169
2.3779640000	0.5555358000	-0.6677230000	0.5606767000	-0.9719319000	14	81
3.2873400000	1.5181610000	2.7244180000	0.5039526000	-1.4239880000	13	49
4.1135860000	1.4677260000	-1.4949560000	0.0904793740	-0.1747923000	14	89
3.7417250000	1.7401880000	-1.1025890000	-0.1024826000	-0.1514224000	13	96
2.9061310000	1.3253040000	0.6359559000	0.2908792000	-0.4929565000	11	96
2.5044490000	1.0995630000	-1.2046330000	0.1458053000	-0.6733464000	14	106
2.3499420000	1.0729080000	-0.1927779000	0.5985692000	-1.2627290000	10	84
2.6634240000	1.0729080000	-0.4351839000	0.3534406000	-0.6638274000	11	87
1.6940470000	0.7474784000	0.1493305000	0.8807595000	-1.0679030000	10	89
1.8972730000	0.8720259000	-0.6815522000	1.3339980000	-2.0141720000	10	95
1.8595120000	0.8720259000	-0.9150897000	1.4139240000	-2.1074700000	10	92
0.3579959000	1.5596500000	-1.2928730000	0.1240492000	-0.9660320000	12	71
2.4805040000	1.3253040000	1.0222970000	0.2159605000	-0.8807282000	11	90
2.0844700000	1.0195960000	1.9663640000	0.6085007000	-1.3430820000	8	57
2.4182250000	0.7398185000	-0.1440126000	0.4121659000	-0.7688296000	16	80
1.3570180000	1.2279700000	2.7017710000	1.2171310000	-2.3304790000	8	73
1.4581630000	1.2279700000	2.8656990000	1.3505110000	-2.5027400000	8	73
2.1713670000	1.6110160000	1.4256690000	1.1994470000	-2.5303080000	9	77
0.2804995000	0.4678911000	-1.0806140000	-0.4938307000	0.3368064000	25	7
1.3821760000	1.9411260000	1.9869180000	-0.7315865000	-0.1860445000	16	80
2.6338170000	1.4697610000	1.5608880000	-0.4491173000	-0.2652666000	23	37
2.1001100000	3.0023590000	-0.0052855331	-0.8611153000	-0.5078843000	14	107
-0.9252258000	2.4675620000	-0.7468830000	-0.5923308000	-1.4563830000	9	73
-1.6929680000	1.1952640000	-0.5891737000	-1.9821860000	1.8271120000	27	161
2.8871579000	0.5222055000	0.0895962640	-1.2267110000	1.1638850000	30	131
1.6543330000	1.4321090000	2.0433910000	1.1937720000	-2.1625930000	10	56
-0.7507297000	0.3855146000	-0.3972783000	-0.5653968000	0.7976605000	14	31
1.5968380000	0.8449237000	-0.6075215000	0.2531583000	-0.6630143000	12	55
2.3294300000	1.0995630000	-0.8838538000	0.1363591000	-0.6593649000	13	111
2.2383360000	1.0995630000	-0.9024642000	0.1363591000	-0.6593649000	13	111
2.6250540000	1.0995630000	-1.2002190000	0.0324369110	-0.5055539000	14	105
1.8795490000	0.8720259000	-0.8101754000	1.3853770000	-2.0741490000	10	95
1.5557880000	1.2279700000	0.5311520000	1.1424440000	-2.2477990000	9	107
0.5119333000	0.6486223000	0.4871303000	0.3640429000	-0.5676820000	13	110
-1.2058980000	1.2703590000	0.0922844560	-0.1431437000	-0.2726403000	21	41
-1.6743180000	1.8539220000	0.0095797796	-0.8804849000	0.2632465000	16	121
2.2045470000	1.3244020000	0.1128248000	-0.2031307000	-0.3712061000	20	41
5.0205460000	4.4063430000	1.8361970000	-2.8492290000	0.5872694000	17	97
2.7643080000	2.5571780000	-0.5004041000	-2.4213650000	1.1965290000	17	96
1.6568340000	2.9136770000	0.6515694000	-2.1351790000	0.0349018310	24	27
-1.1753410000	1.6694530000	-0.6780439000	-1.5329810000	0.7609391000	13	65
1.4921230000	0.4618773000	3.2177970000	1.4179120000	-2.1444510000	9	55
1.3776020000	0.4618773000	3.0074780000	1.1084690000	-1.7448080000	9	61
2.2889080000	1.2279700000	0.8566182000	1.2384730000	-2.3580500000	9	94
1.1928790000	0.4656047000	2.8558270000	0.8761755000	-1.2303250000	9	78
2.8029680000	2.3210530000	0.6883858000	-0.8778242000	-0.1950433000	21	41
0.9491137000	0.4618773000	1.9082310000	0.7190031000	-1.2418110000	9	78
1.7332850000	0.8449237000	2.9863750000	0.9147196000	-1.7172460000	9	56
6.9739215000	0.4618773000	1.6288890000	1.0551230000	-1.6759080000	9	84
1.3839150000	0.8449237000	3.6859800000	1.8003460000	-2.9023860000	7	83
1.4143430000	0.4656047000	2.9988180000	1.0588590000	-1.4605540000	9	54
2.1753990000	1.0729080000	-0.2424905000	0.5406318000	-1.0462580000	11	90
2.2102290000	1.0729080000	-0.3534199000	0.5094338000	-1.0462580000	11	90
2.1197810000	1.0729080000	0.4461944000	0.4514958000	-1.1761440000	10	88
1.6680570000	0.4220491000	0.0283568020	0.8153119000	-1.0751210000	12	84
1.9850950000	0.7474784000	0.5453202000	0.5821496000	-0.5772384000	16	78
1.6703230000	0.4220491000	1.3189980000	0.8019472000	-1.0823330000	13	62
1.9053850000	0.7474784000	1.2039460000	0.4484527000	-0.6926873000	12	78
2.0161850000	0.4220491000	0.9174541000	0.4454021000	-0.5050791000	15	52
0.7316670000	1.5181610000	0.1496912000	-0.2140952000	-0.5764220000	14	83
2.0132560000	1.0729080000	-0.1105629000	0.4693217000	-0.8586503000	12	86
1.9966090000	1.0729080000	-0.0417068900	0.5049765000	-0.8658652000	12	87
1.2037580000	0.7474784000	0.5320171000	0.6668333000	-1.0462550000	10	109
2.2930000000	0.4220491000	-0.6607259000	0.7172601000	-0.9163764000	10	82
2.0132560000	0.7474784000	0.7033007000	0.2880015000	-0.8153541000	12	86
2.0147590000	1.0729080000	-0.1429708000	0.4737785000	-0.8658652000	12	87
-0.7239547000	2.7204870000	-0.2769608000	-1.9781190000	0.8600268000	17	42
3.0128130000	0.7474784000	0.3538522000	0.1587466000	-0.3463405000	13	84
3.0524410000	0.7474784000	0.4123426000	0.1275481000	-0.2958294000	13	83
2.3290980000	0.7474784000	0.5912163000	0.5598736000	-0.9091582000	11	80
2.3290980000	0.7474784000	0.7164152000	0.5286745000	-0.9091582000	11	80
2.4251610000	1.0729080000	0.8286070000	0.4827000000	-1.0173950000	10	85
4.2643040000	1.7401880000	-1.7215960000	0.4657325000	-0.9771151000	13	101
3.7260640000	1.4677260000	-1.5825370000	-0.0542895460	-0.1514224000	13	104
3.8245470000	1.4677260000	-1.5945500000	0.4958285000	-0.9771151000	14	93
3.8291470000	1.4677260000	-1.5945500000	0.4994476000	-0.9771151000	14	92
4.1048320000	1.7401880000	-1.6268220000	0.3788711000	-0.9771151000	13	102
-0.2182308000	1.4321090000	-1.2635630000	-0.0138877170	-0.7455565000	18	127
3.5613690000	1.4677260000	-1.5706350000	0.0796219410	-0.2916307000	14	79
-0.2043335000	1.4321090000	-0.7690535000	0.3008765000	-1.1148920000	14	75
3.4694820000	2.0126500000	-1.4111360000	-0.2845832000	-0.0112073790	14	79
2.7094100000	1.1952640000	-1.5137130000	0.3160104000	-0.5175292000	14	79
3.5613690000	1.4677260000	-1.5687670000	0.0796219410	-0.2916307000	14	79
2.8989830000	1.3253040000	0.6238996000	0.3200137000	-0.5227857000	11	95
2.6172390000	1.6310110000	1.0527700000	-0.3680272000	-0.1051779000	16	54
2.5726840000	1.0995630000	-1.3017330000	0.1646981000	-0.7013122000	13	107
0.8908471000	0.4678911000	0.3654180000	0.2568584000	-0.5497814000	17	31
2.5205680000	1.3253040000	0.9112074000	0.1951557000	-0.3288931000	12	78
2.7248120000	1.0195960000	0.5376080000	0.3005164000	-0.2468615000	12	78
2.6899940000	0.7138885000	0.5918887000	0.4641495000	-0.2990638000	12	78
2.6899940000	1.3253040000	0.8359448000	0.2076410000	-0.2990638000	12	78
1.8462980000	0.8720259000	-0.8308809000	1.5566470000	-2.2740710000	10	78
1.8729050000	0.8720259000	-0.6119567000	0.7745296000	-1.3610840000	14	76
1.1301140000	1.2829710000	-1.2321310000	1.4007070000	-2.3073920000	11	92
2.0228160000	0.8720259000	-0.6649733000	1.5737720000	-2.2940650000	11	85
1.2786200000	0.4610806000	-0.9300749000	2.0893710000	-2.6805870000	9	97
1.3146480000	0.4610806000	-0.9782279000	2.0494070000	-2.6339360000	9	97
0.1508137000	0.4678911000	0.1399959000	0.6784004000	-1.0476340000	15	45
1.9772130000	0.8720259000	-1.1510830000	1.3511280000	-2.0341650000	12	90
1.8652230000	0.8720259000	-1.1191030000	1.3340030000	-2.0141720000	12	91
1.7615340000	1.2829710000	0.5959342000	1.0695900000	-1.9208740000	11	81
1.5169220000	0.4610806000	-1.2649350000	1.5413230000	-2.0408280000	11	95
-0.7215606000	0.5270326000	0.7010728000	-0.5049692000	0.3130590000	18	33
3.0288170000	1.0995630000	-0.5658247000	-0.3549041000	0.0677398960	16	96
2.4688570000	1.0995630000	-0.5730172000	-0.0053565903	-0.4496220000	15	103
2.7099290000	0.7575636000	-0.6748503000	-0.4573308000	0.4452753000	23	135
1.9890310000	1.0995630000	-0.0403756500	-0.0053560627	-0.1419966000	18	111
-1.5649820000	2.8838550000	0.3662978000	-2.0574930000	0.8755416000	17	63
1.3250160000	1.6110160000	1.4298510000	-1.3721150000	0.3360938000	19	81
2.7375490000	1.4321090000	-1.0826740000	-0.5213479000	-0.1500955000	18	95
2.7266410000	1.2279700000	2.8093960000	1.3398410000	-2.5303080000	9	71
2.7266410000	1.2279700000	2.8093960000	1.3398410000	-2.5303080000	9	71
2.6687010000	1.0729080000	-0.5839571000	0.0860337240	-0.1803807000	20	44
2.6353760000	1.0729080000	-0.5846229000	0.2197408000	-0.4040668000	12	106
2.9380420000	1.0645010000	-1.2917860000	0.7180946000	-1.4384430000	14	91
1.0455820000	0.6133747000	2.2512630000	1.4228590000	-1.9853970000	7	37
3.6188710000	1.1344240000	0.0870442610	0.2737066000	-1.0942310000	13	91
3.7059550000	1.1344240000	0.0327834230	0.3579829000	-1.2120140000	12	96
3.7059550000	0.7775186000	-0.0405233950	0.5181801000	-1.2120140000	12	96
3.6070050000	0.7775186000	0.0581743420	0.5181801000	-1.2120140000	12	96
-1.1198650000	2.1408730000	1.3350960000	-1.4712570000	0.6095999000	24	6
-1.1738680000	1.3397600000	1.6751800000	-0.6433267000	0.0451306370	15	25
-1.5174590000	1.3397600000	1.6319160000	-0.6133223000	0.0099093011	19	12
-0.9782402000	0.8861365000	1.2402910000	-0.4148132000	0.0230884500	15	27
-1.3220630000	1.3397600000	1.5826980000	-0.6193276000	0.0169529360	12	52
-1.2491230000	1.4321090000	-0.8514977000	-0.9196239000	0.3172279000	22	3
1.9428180000	1.0694420000	-1.2199770000	-0.1539441000	-0.2873421000	14	95
-0.6882880000	0.8743806000	0.1707620000	1.1600100000	-1.9660250000	6	33
3.0428890000	0.7753301000	0.2737959000	0.0591075420	-0.3183415000	15	93
4.1762490000	1.3983370000	-0.2681570000	-0.1693983000	-0.3535492000	22	43
3.8657760000	1.3983370000	-0.1506447000	-0.1560286000	-0.3751973000	22	35
2.6869550000	1.6310110000	1.2309190000	-0.1640913000	-0.5004129000	12	79
3.0539600000	1.6310110000	0.9951174000	-0.2556533000	-0.3065237000	13	84
-0.3263648000	1.3397600000	0.6328751000	-0.3192998000	-0.3352702000	12	49
0.5708917000	1.3397600000	-0.1979004000	-1.1773760000	0.6720780000	17	174
6.6867225000	0.5270326000	-1.0696510000	-0.3447737000	0.1229219000	30	77
1.0997920000	0.5270326000	-0.4508587000	-0.2379614000	-0.0038396257	15	85
3.2276230000	0.8720259000	0.1781192000	-0.7554549000	0.4249106000	14	82
1.8957340000	1.4005490000	-0.4064780000	-0.2053909000	-0.5547460000	13	90
3.3831040000	1.6110160000	1.8861740000	1.1567650000	-2.4751870000	9	101
3.1469860000	1.6110160000	2.0960410000	0.9220225000	-2.1720100000	9	92
3.5162070000	1.6110160000	1.9459330000	1.0020420000	-2.2753640000	11	99
2.4081100000	1.3983370000	-0.8296859000	0.0846314210	-1.2771590000	12	88
2.0663440000	1.3983370000	-0.7454438000	0.2138784000	-1.4864150000	12	87
2.4081100000	1.7237660000	-0.7809601000	-0.0593949370	-1.2771590000	12	88
1.6743650000	1.2829710000	2.0867580000	1.0981160000	-1.9541910000	10	77
1.4199260000	1.6939170000	0.8490291000	0.4911750000	-1.4610450000	12	83
1.7666940000	0.6481804000	1.2909590000	-0.2204305000	-0.7386466000	15	145
2.9478590000	1.6110160000	2.5120230000	0.8419837000	-2.0686520000	11	78
3.0044350000	1.6110160000	2.5205820000	0.9166784000	-2.1651170000	9	68
3.4981780000	1.4415630000	0.0262360680	0.3096381000	-0.8061821000	10	125
3.1517240000	1.4727260000	-0.5266370000	0.5749977000	-1.1170610000	9	126
3.1626150000	1.4727260000	-0.5033091000	0.5413626000	-1.0684450000	9	126
3.0076620000	1.4727260000	-0.0140798440	0.4500673000	-0.9850993000	9	125
-0.3861851000	1.4913300000	0.1990138000	0.5100828000	-1.3436600000	12	66
2.2804730000	0.9719173000	-0.8350904000	-0.6089886000	0.2016158000	18	55
0.9631272000	1.2829710000	3.6287890000	0.7498740000	-1.5476800000	9	101
3.2967810000	1.9411260000	1.5758530000	0.1361994000	-1.2159410000	12	57
0.8837540000	0.9764892000	4.4442750000	0.6353834000	-0.9646831000	3	126
2.4283230000	1.4913300000	1.8671620000	0.1829081000	-1.6554290000	12	98
2.1214930000	1.4913300000	2.0979660000	-0.0401707740	-1.3436470000	13	89
2.1491500000	0.8743806000	-0.0703397020	0.0998546330	-0.7228500000	18	63
3.0868120000	1.2102300000	1.3584230000	-0.1950556000	-0.7395798000	12	72
1.2830860000	0.8342891000	0.6634237000	0.6983246000	-1.1208550000	13	85
2.6625900000	0.8342891000	1.0829450000	0.7191910000	-1.3149580000	7	107
2.5202490000	0.8342891000	0.9905368000	0.7191910000	-1.3149580000	7	107
1.1936710000	1.3862590000	-0.8849200000	0.0747922660	-0.3527249000	12	99
1.6201350000	1.7316560000	-0.6493764000	-0.0295117270	-0.2521548000	13	108
3.5852180000	1.6110160000	0.8477723000	0.9326822000	-2.1857830000	10	96
1.4716440000	1.4321090000	1.8153660000	1.1359530000	-2.0947560000	13	72
0.6300316000	1.2279700000	4.2822990000	-0.6981961000	-0.3391677000	11	154
2.2670390000	0.8743806000	-0.5108362000	-0.9547353000	0.5403737000	16	104
2.0844800000	2.0627620000	1.2874030000	-1.0629740000	-0.1184576000	16	75
-1.2479980000	1.0694420000	-0.8461041000	-3.5819020000	3.2592480000	30	111
2.3571330000	1.2279700000	0.7763884000	1.3665190000	-2.5234180000	9	94
2.3389380000	1.6110160000	0.4282901000	1.2634680000	-2.6129900000	9	91
2.0475430000	1.2829710000	-1.1389840000	1.0182100000	-1.8608960000	13	87
2.1228690000	1.2829710000	-1.3131000000	1.0467570000	-1.8942170000	12	90
-0.6203212000	0.7080142000	-0.0095247580	-0.4608162000	0.1266016000	20	17
-0.8216723000	0.4207583000	-0.1781850000	0.7179809000	-0.3453621000	10	85
3.2087880000	1.6310110000	0.8230422000	-0.2723037000	-0.1797497000	13	82
2.4849280000	1.4005490000	-0.9346370000	-0.2781295000	-0.4140095000	16	105
3.7853460000	1.6110160000	1.3409860000	0.6712607000	-1.8481570000	10	88
2.7997640000	1.6110160000	2.7395440000	0.9380218000	-2.1926790000	10	71
3.5782440000	1.2279700000	1.7767460000	0.9236967000	-1.9515120000	12	96
4.0310440000	1.6110160000	1.5253500000	0.6392483000	-1.8068120000	11	97
3.0456760000	1.6110160000	2.5884480000	0.7779634000	-1.9859660000	11	80
1.5297610000	1.0371140000	-0.6048294000	0.2493213000	-0.4798305000	12	104
0.9522728000	1.7316560000	-0.9422005000	-1.6525780000	1.5000350000	30	168
0.8696510000	1.0995630000	0.8015863000	-0.5532982000	-0.5195351000	14	82
0.8126884000	0.4155639000	0.6132100000	-0.6353418000	0.0537586510	15	78
0.3002010000	1.0995630000	0.0861265960	-0.9075646000	-0.0511144330	14	123
2.5268780000	0.9983969000	-0.6365406000	1.3107030000	-1.8417960000	10	118
2.5390380000	0.9983969000	-0.4423962000	1.3173770000	-1.8497170000	10	119
2.4855570000	0.9983969000	-0.6719120000	1.2439510000	-1.7625740000	10	120
2.2355520000	0.9983969000	-0.4647750000	1.3774550000	-1.9210210000	11	114
3.4149890000	0.9742298000	-0.6706018000	1.0243930000	-1.4766880000	13	96
3.4379840000	0.9742298000	-0.9889291000	0.9986948000	-1.4465380000	13	96
3.5129720000	0.9742298000	-0.8632204000	1.1528650000	-1.6274360000	12	103
2.1239980000	0.5829577000	-0.2688189000	1.8299950000	-2.1627140000	13	87
1.8464200000	0.5829577000	0.0767033170	1.8828270000	-2.2244050000	13	79
2.2239110000	1.1173400000	-1.1057090000	1.7672420000	-2.3742220000	11	101
2.1705620000	1.1173400000	-0.8356526000	1.4955460000	-2.0569690000	13	91
2.7688390000	1.2735960000	-0.9150435000	1.0159080000	-1.5573820000	14	95
2.1266430000	1.1173400000	-1.1819130000	1.8125200000	-2.4270970000	11	106
2.2565480000	1.1173400000	1.0626900000	1.7747820000	-2.3830340000	11	79
2.0214610000	1.1173400000	1.2062060000	1.7294970000	-2.3301550000	11	93
2.0270560000	1.1173400000	1.1812430000	1.7219500000	-2.3213430000	12	93
2.0144010000	1.1173400000	1.3513080000	1.7294970000	-2.3301550000	11	92
1.0676860000	1.1173400000	1.0151340000	1.8125210000	-2.4270970000	10	72
3.4519050000	1.5734670000	-0.3889389000	0.5220826000	-1.2051880000	13	93
1.7290540000	1.0645010000	0.3170095000	1.6061040000	-2.2159790000	12	88
2.1655160000	1.1173400000	-0.9767559000	1.7144110000	-2.3125310000	11	90
2.5594560000	2.5481350000	1.3731870000	-0.6120475000	-1.0075090000	14	110
1.8442470000	1.6517230000	-0.8173783000	1.3874940000	-2.2155930000	11	107
2.2512000000	0.8743806000	-0.7096613000	-0.0601873440	-0.3151436000	20	162
1.7393760000	0.4768445000	-0.7719718000	0.1201298000	-0.3151436000	20	161
1.8926190000	0.4768445000	-0.7768594000	-0.0305251050	-0.1346827000	21	163
1.8695540000	0.4768445000	-0.5975697000	-0.0640055460	-0.0945812840	20	159
2.6321200000	0.8529630000	-1.1208000000	0.3872346000	-0.8375850000	13	88
2.8985090000	0.8529630000	-1.0381790000	0.1239606000	-0.5057870000	14	88
1.1210780000	0.4656047000	0.6785716000	0.7972692000	-0.9323841000	16	13
3.4059830000	0.9719173000	-0.9298472000	1.1018670000	-1.5686580000	13	106
1.5826180000	0.4531305000	-0.4175210000	0.5952055000	-0.2899314000	14	132
2.8932450000	1.0694420000	-0.6406743000	0.6158198000	-1.3006520000	9	108
2.4024190000	1.3397600000	-1.2710520000	0.7626938000	-1.3778270000	14	104
2.3549190000	1.3397600000	-1.3304100000	0.6366803000	-1.2298950000	14	93
2.2414850000	1.3397600000	-1.1289900000	0.9187076000	-1.5609780000	14	89
2.1090800000	1.3397600000	-0.9086035000	0.8826980000	-1.5187090000	14	87
2.4227220000	1.4321090000	-1.2848900000	0.7782667000	-1.4314580000	13	100
2.9632100000	1.4321090000	-1.1835180000	0.7589975000	-1.4088480000	13	96
3.0027870000	1.4321090000	-0.0619319790	0.7782667000	-1.4314610000	12	80
1.9142330000	0.5829577000	-1.0874000000	1.0073720000	-1.2021400000	11	100
2.2159090000	0.8342891000	0.6400903000	1.5969180000	-2.2785470000	9	81
2.1756220000	0.9983969000	-0.4869587000	1.3574310000	-1.8972530000	11	115
2.3575270000	0.9983969000	-0.4184436000	1.3774550000	-1.9210210000	11	115
3.0356750000	1.1173400000	0.6399390000	1.5936550000	-2.1715340000	8	49
1.7899060000	2.0824320000	-0.9999722000	0.6649896000	-1.6544300000	12	79
-0.6391567000	1.1173400000	-0.9643241000	-0.9572701000	0.8071560000	20	45
2.7350920000	1.4321090000	-0.7758156000	0.9260086000	-1.6048190000	11	77
2.1773310000	1.1714450000	1.1248900000	1.6828360000	-2.2885440000	11	67
1.1258830000	1.0645010000	-0.8717012000	0.8583375000	-1.3261400000	13	78
2.9616480000	1.2102300000	-0.3131796000	0.4010810000	-0.9128854000	13	104
2.4997220000	0.8342891000	-0.0157004540	0.7573407000	-1.1624510000	15	85
2.0623230000	0.4768445000	-0.1618430000	0.4883858000	-0.5223431000	14	92
3.0603040000	0.4610806000	-0.8685851000	0.7781218000	-0.9345790000	14	89
2.9270350000	1.2719170000	3.4518650000	1.2046550000	-2.0194980000	4	58
3.6332490000	1.5734670000	-0.5890383000	0.6382431000	-1.3434130000	14	94
3.0641550000	1.1173400000	0.4459333000	1.5710100000	-2.1450910000	8	51
2.8720230000	1.2829710000	-0.8095434000	0.2264729000	-0.7213231000	13	91
2.2484250000	0.4610806000	0.2497470000	2.1996340000	-2.5939490000	7	98
2.1162570000	1.1173400000	-1.1815670000	1.7672420000	-2.3742220000	11	95
2.5198820000	1.6276800000	2.7790600000	0.6309907000	-1.8058900000	10	98
2.3753800000	1.1173400000	-1.0844100000	1.7370510000	-2.3389700000	12	92
2.8103310000	0.5829577000	-1.2144310000	1.3469870000	-1.5987070000	13	99
3.0319500000	0.5829577000	-1.2758540000	1.2639700000	-1.5017690000	14	92
2.8590250000	0.8529630000	-0.9171353000	0.1669402000	-0.5328698000	15	74
3.9395770000	0.8529630000	-1.1545060000	1.0857210000	-1.4740860000	13	76
4.0112720000	0.8529630000	-0.8434957000	0.9352777000	-1.2912590000	14	88
3.8244560000	0.8529630000	-0.8696676000	1.0105020000	-1.3860580000	14	89
4.0457160000	0.8449237000	-0.5620256000	-0.2146586000	-0.0290973210	14	84
2.3111710000	0.4807742000	0.9306972000	1.2705000000	-1.5187130000	12	93
1.8093160000	0.9102670000	1.5679570000	1.0825930000	-1.5257590000	12	89
2.0900970000	0.9742298000	0.0182540580	0.9344464000	-1.3711640000	13	87
2.0102850000	1.2102300000	-0.1763230000	0.6722521000	-0.8782305000	9	104
3.1247430000	0.8342891000	-0.4743232000	1.2527350000	-1.8626110000	10	92
2.3368330000	0.4610806000	1.8295250000	1.7771700000	-2.1008000000	8	84
1.6471030000	1.2279700000	1.2417300000	0.0237497000	-0.5252112000	11	103
2.6827710000	1.7226270000	0.3749924000	0.0626522530	-0.7612019000	11	100
1.0993500000	1.2279700000	1.1264970000	0.2478137000	-1.1729080000	10	70
3.5371370000	1.5861720000	-1.1008310000	-0.7426186000	0.3695757000	20	22
3.4168370000	2.7139960000	1.3191180000	-1.2846800000	0.0368340200	11	100
2.4942350000	2.1987450000	0.6826108000	-0.4352125000	-0.4268407000	20	30
2.6707660000	2.3380550000	0.3015667000	-0.8814860000	-0.0186218660	13	113
2.7955530000	2.3380550000	0.5808498000	-1.2673820000	0.2794649000	12	117
-0.4438809000	2.4023960000	-0.7869387000	-0.5974398000	-0.2416960000	20	23
0.5193943000	1.1878970000	0.5648866000	-0.1587561000	-0.6523117000	12	80
1.7471100000	1.2829710000	-0.5348758000	0.8201861000	-1.4143950000	11	89
4.0918050000	3.0577310000	-0.5674235000	-1.9091160000	0.8481846000	20	151
2.6473040000	0.8449237000	0.9764946000	0.5536005000	-1.1315630000	11	90
1.9548770000	1.1173400000	1.2555070000	1.6464730000	-2.2332170000	12	83
2.2983770000	1.1173400000	-1.2203550000	1.7974280000	-2.4094730000	12	97
2.0327030000	1.1173400000	1.1998280000	1.5710020000	-2.1450910000	12	81
1.6268540000	0.5829577000	-0.3405810000	2.1243310000	-2.5064110000	6	130
2.2352200000	1.0645010000	0.2751924000	1.5552880000	-2.1555020000	11	92
2.2761080000	1.0645010000	0.2905425000	1.5262450000	-2.1209450000	12	83
2.2732170000	1.0645010000	0.2679824000	1.5335050000	-2.1295830000	12	85
1.6124260000	1.0645010000	1.5379410000	1.9400600000	-2.6133830000	11	74
3.2778290000	0.8861365000	2.5555570000	1.6889510000	-2.2411140000	7	106
2.1722460000	0.9983969000	-1.2426340000	1.7245570000	-2.3329740000	12	87
1.7214420000	1.1173400000	-1.1010100000	1.7219570000	-2.3213470000	11	88
1.7942960000	0.5829577000	-0.8143052000	2.0111280000	-2.3742220000	12	92
2.2072100000	1.1173400000	-0.9408577000	1.9332760000	-2.5681010000	10	100
2.2554560000	1.1173400000	1.3780110000	1.8049740000	-2.4182850000	8	48
2.1833180000	1.0645010000	0.5153613000	1.6351470000	-2.2505360000	8	52
2.4246850000	1.6517230000	-0.4351090000	1.1535360000	-1.9423990000	13	93
2.2876680000	1.1173400000	1.1309600000	1.6464800000	-2.2332170000	12	84
2.0737060000	0.5829577000	-0.1520082000	1.8828270000	-2.2244050000	13	85
2.1162570000	1.1173400000	-1.1815670000	1.7672420000	-2.3742220000	11	95
3.6107390000	1.1173400000	-0.9835764000	1.2464880000	-1.7661470000	13	86
3.1290730000	1.1173400000	-1.1957600000	1.9181820000	-2.5504780000	9	87
3.2990420000	0.4610806000	0.1024029000	1.2234210000	-1.4543790000	14	95
-0.5397908000	2.9842820000	-0.1798669000	-1.4302920000	0.3700278000	30	20
-0.2065152000	2.9842820000	-0.1829129000	-1.5482380000	0.5076390000	22	32
-0.3725161000	2.4919350000	1.2049660000	-1.0249670000	0.1148051000	24	22
-1.2841400000	2.8456550000	-0.0244598260	-0.9086159000	-0.1573174000	24	27
2.1934380000	0.9102670000	1.3735710000	1.6466430000	-2.1879250000	10	95
3.5789580000	1.2403210000	-0.6692958000	1.1323870000	-1.7517150000	12	83
2.0102850000	1.2102300000	-0.1763230000	0.6722521000	-0.8782305000	9	104
1.5234710000	1.3983370000	-0.4209753000	0.1350656000	-1.0967730000	19	27
2.0326210000	0.8342891000	-0.5852327000	0.7938401000	-1.0307410000	9	62
1.0841070000	1.0729080000	-0.4866935000	0.1810396000	-0.9380278000	19	27
0.9601500000	1.0729080000	-0.3173028000	0.1899520000	-0.9524610000	19	27
2.0102850000	1.2102300000	-0.1763230000	0.6722521000	-0.8782305000	9	104
1.9135700000	0.9102670000	1.3364090000	1.4066200000	-1.9061510000	11	86
2.0326210000	0.8342891000	-0.5852327000	0.7938401000	-1.0307410000	9	62
3.7977530000	1.5552800000	-1.1766280000	0.6414401000	-1.1331410000	10	113
2.0270460000	1.1344240000	-0.9409049000	0.1810839000	-0.6369576000	7	90
2.6502320000	1.3862590000	0.1795415000	0.2698860000	-0.6912547000	14	144
2.6277790000	2.3746240000	0.0415723920	-0.6401837000	-0.1154398000	20	27
2.0269110000	0.9102670000	0.7647132000	1.3406150000	-1.8286640000	11	86
2.0307340000	0.9102670000	1.1478910000	1.0045890000	-1.4341820000	14	70
-0.4567904000	0.9719173000	2.7020520000	1.9907120000	-2.6117260000	6	39
1.1030410000	0.9102670000	0.8078538000	2.1566890000	-2.7866880000	3	47
2.3675050000	1.3397600000	2.0852250000	1.4587380000	-2.1949620000	3	47
2.3127040000	1.3397600000	2.5718140000	1.5247470000	-2.2724520000	3	47
2.1763890000	1.3397600000	2.2413330000	1.3567280000	-2.0752110000	3	42
2.4972830000	1.4321090000	-0.1247728000	0.8874652000	-1.5595960000	12	87
2.8238240000	2.0669890000	-1.1778740000	0.5483043000	-1.4580630000	9	89
1.7166180000	1.4377420000	-0.7163131000	0.2975021000	-0.7514511000	14	126
3.5123250000	1.6276800000	-0.1917221000	0.1151909000	-0.8782125000	12	116
-1.4904020000	0.8117957000	-1.4231560000	-0.8139774000	0.9029893000	21	32
2.7294020000	0.9983969000	-0.6507735000	0.9836068000	-1.4536070000	13	99
2.6608800000	0.9983969000	-0.6743922000	1.0503590000	-1.5328290000	13	99
-3.3062233000	2.3478670000	1.0093880000	-1.5768650000	0.8448516000	24	11
-1.8353119000	2.3478670000	0.0157533400	-1.9494420000	1.2820250000	30	48
2.0919960000	0.5829577000	0.1541564000	1.8526350000	-2.1891540000	13	84
2.0501510000	1.0312750000	-0.6073114000	1.6167910000	-2.2057310000	11	95
2.7088840000	0.5270326000	0.4446722000	1.5931600000	-1.9210180000	12	96
3.1696800000	0.9102670000	-0.3222561000	0.6205738000	-0.9833390000	15	93
1.4210280000	1.1173400000	1.1754770000	1.7672360000	-2.3742180000	11	75
3.8294380000	1.5734670000	-0.1375491000	0.6600212000	-1.3693320000	13	90
3.0120310000	0.9983969000	-0.7830667000	1.0637080000	-1.5486720000	14	106
1.9008500000	0.9742298000	0.1377539000	2.2513100000	-2.9163350000	11	89
2.4556930000	0.4807742000	-0.5086848000	1.6605460000	-1.9765960000	9	65
1.8567950000	0.9102670000	3.9122500000	1.8686710000	-2.4485680000	2	94
3.6675590000	1.2403210000	-0.2823210000	0.0040555834	-0.5193285000	18	82
2.0844450000	0.9742298000	1.9972120000	1.9237010000	-2.5319260000	10	71
2.7666840000	1.5734670000	0.2981043000	1.1464420000	-1.9481620000	11	72
0.5287277000	1.4321090000	0.7060081000	0.7589802000	-1.4088440000	12	103
4.1233800000	1.9940630000	1.3615770000	0.8739966000	-2.1099960000	11	90
2.1763890000	1.3397600000	2.2413330000	1.3567280000	-2.0752110000	3	42
0.6344106000	0.7429456000	-0.1771482000	0.2808143000	-0.3558499000	14	73
3.3194170000	0.4656047000	0.8160009000	1.3990480000	-1.8668300000	12	87
3.3200190000	0.4656047000	0.6847478000	1.3936750000	-1.8600590000	13	89
1.1744430000	1.4415630000	0.4576080000	0.2166565000	-0.5265322000	19	27
2.0836200000	1.1173400000	1.3559000000	1.8276140000	-2.4447240000	12	85
3.0371410000	1.2102300000	-0.2944214000	0.6201046000	-1.1555190000	16	73
2.3609030000	0.8342891000	0.3185362000	0.5748175000	-0.9198200000	16	104
2.4150950000	0.8342891000	0.2081907000	0.5904601000	-0.9406179000	15	95
2.5781950000	0.4583477000	0.9786940000	0.8893491000	-1.1139230000	14	90
3.1299930000	1.2102300000	0.0911011030	0.4480143000	-0.9752791000	15	80
3.2029130000	1.1173400000	0.3245885000	1.4728990000	-2.0305290000	8	48
2.1638490000	1.1173400000	1.4061480000	1.6389400000	-2.2244090000	6	46
2.6715590000	1.4321090000	-0.0923460570	1.4463150000	-2.2153540000	12	82
2.5963340000	0.4678911000	1.5630330000	1.9390690000	-2.3161380000	7	64
2.2791070000	0.8861365000	2.1544230000	1.6831650000	-2.2343010000	7	58
2.2214810000	0.8861365000	2.1237800000	1.7640120000	-2.3297800000	7	58
2.5145680000	0.8861365000	2.2571210000	1.5214790000	-2.0433440000	8	55
2.5467260000	1.2403210000	-0.5684462000	0.6810523000	-1.3725230000	9	107
2.2982750000	1.2403210000	-0.6403936000	0.6810523000	-1.3725230000	9	107
2.6172630000	1.2403210000	-0.9253474000	0.5144872000	-1.1626090000	13	79
0.7949677000	0.9742298000	2.9886980000	1.6988710000	-2.2681140000	8	45
0.4722773000	0.9742298000	3.0152810000	1.8723100000	-2.4716250000	6	41
0.2917575000	0.6647732000	2.3586250000	0.1879605000	-0.2518071000	16	161
-1.3458030000	1.8824180000	-1.1110730000	-1.0116240000	0.5029802000	15	85
-1.8309370000	1.2735960000	2.1093680000	0.5140513000	-0.9658037000	8	36
2.2253440000	1.6517230000	-1.1297700000	0.7912766000	-1.5193890000	12	108
1.6811340000	1.1173400000	-1.2018050000	1.7747890000	-2.3830380000	11	89
2.1194090000	0.9742298000	2.1448880000	1.7438380000	-2.3208780000	2	37
2.7372900000	2.0824320000	-1.0870510000	0.5633529000	-1.5334810000	12	85
2.9741390000	0.4610806000	-0.3491574000	0.9265596000	-1.1078420000	14	91
2.0198460000	0.8743806000	-0.2486549000	0.9162788000	-1.2508670000	14	90
1.9580190000	1.7692530000	-0.1590312000	1.0728220000	-1.9695470000	9	111
2.4503750000	1.9223180000	-0.2476670000	-0.8155361000	-0.1888306000	21	164
2.6167880000	0.9102670000	1.3600790000	1.4726300000	-1.9836400000	11	92
3.8613810000	1.6694530000	-0.8277196000	0.2989639000	-0.9434184000	13	88
2.3386120000	0.8342891000	0.6771253000	1.5239080000	-2.1814960000	10	55
2.8044750000	1.2102300000	-0.5723252000	1.0842150000	-1.8210180000	13	86
2.0874580000	1.0312750000	-0.4843909000	1.6795330000	-2.2797900000	10	99
2.5665470000	1.4321090000	-0.6134964000	0.7782612000	-1.4314580000	13	91
2.1995440000	0.8342891000	0.6847712000	1.4143940000	-2.0359200000	11	53
1.7399860000	0.4768445000	-0.6942025000	-0.0472634360	-0.1146304000	21	163
1.9561020000	0.5829577000	-0.8237965000	1.9582970000	-2.3125310000	12	91
2.5983340000	1.1173400000	0.5025057000	1.5106320000	-2.0745880000	13	83
3.9795730000	1.0645010000	-1.2842730000	0.5969723000	-1.0151240000	14	99
3.0657840000	1.4913300000	-0.1812368000	0.3679024000	-1.0041610000	11	97
3.5066560000	1.4913300000	-0.2388507000	0.1596981000	-0.7131656000	12	95
3.1300800000	1.2102300000	0.5901454000	0.5888138000	-1.1832490000	10	69
3.4108900000	1.4913300000	-0.2227113000	0.1349102000	-0.6369545000	15	74
2.7273770000	1.4913300000	-0.7078275000	0.3381574000	-0.9625884000	12	95
3.0837500000	1.2102300000	0.7664847000	0.5835996000	-1.1763140000	10	67
3.0476270000	1.4913300000	-0.7126191000	0.2340534000	-0.7755244000	15	75
3.5250770000	1.3043820000	2.4028090000	1.4272740000	-2.1524550000	10	87
2.4211360000	1.4913300000	1.7378680000	0.4571323000	-1.5722900000	9	68
2.1853780000	1.4913300000	1.7982270000	0.4769635000	-1.6000040000	9	66
2.8808640000	1.6694530000	0.1497721000	1.1805870000	-1.9994460000	9	71
2.5686290000	1.4913300000	-0.7218263000	0.5066993000	-1.0526580000	12	91
3.0523980000	1.2102300000	0.6458156000	0.6409613000	-1.1832490000	10	69
2.3342700000	1.1344240000	1.2743020000	1.0634740000	-1.9117820000	9	68
3.9752400000	1.3043820000	0.6787447000	1.3637540000	-2.0774380000	10	98
2.6651670000	0.5829577000	-1.0068240000	1.7696240000	-2.0922160000	12	90
1.0046610000	1.4216290000	-0.8912298000	0.0983461290	-0.6284298000	15	99
1.0747500000	1.4216290000	-0.4339199000	0.0607873280	-0.5843576000	15	97
3.3269510000	2.4912410000	-0.3255187000	0.1970725000	-1.2513940000	11	107
2.9356620000	1.4321090000	-0.5443055000	0.6754807000	-1.3108570000	13	88
2.3498900000	1.4321090000	-0.5755124000	0.9131562000	-1.5897460000	12	83
2.0779360000	1.4321090000	-1.0099390000	1.3499750000	-2.1022960000	9	99
2.2267210000	1.1173400000	-0.8648168000	1.8728980000	-2.4976030000	12	91
2.1214000000	0.9742298000	0.5382546000	2.0778700000	-2.7128240000	12	86
1.9269670000	1.2403210000	3.8600190000	1.1001380000	-2.1783160000	5	75
2.0191280000	0.9983969000	-1.1700990000	1.5643490000	-2.1428410000	12	89
1.3692410000	0.9983969000	-1.0425190000	1.8981150000	-2.5389540000	11	91
1.8052250000	0.9983969000	-0.4373044000	2.1384240000	-2.8241560000	10	97
1.3425580000	0.9983969000	-0.5672508000	1.4174960000	-1.9685500000	12	84
1.6783520000	1.1173400000	-1.3711400000	1.9106380000	-2.5416620000	11	94
1.5204430000	1.2735960000	0.5091798000	1.2062870000	-1.7817840000	12	78
1.9032240000	0.9742298000	1.9248570000	2.0521720000	-2.6826730000	10	73
2.3457080000	0.9742298000	1.9221110000	1.2684740000	-1.7631040000	13	78
2.9089560000	2.1861050000	0.1316098000	0.4719202000	-1.4312620000	12	79
-0.1419289000	1.8899880000	-0.4461489000	-0.7397664000	0.1061830000	23	155
2.8580910000	1.5734670000	0.7586275000	0.4422182000	-1.1101570000	9	60
3.8630700000	1.5734670000	-1.0398600000	0.6092001000	-1.3088600000	13	92
2.5719360000	2.1255620000	0.6246266000	-0.2492399000	-0.5824577000	11	124
3.1131370000	1.4216290000	-0.2561539000	0.7305681000	-1.3703250000	13	84
2.3415570000	1.6694530000	-0.0125702560	0.8402165000	-1.5917400000	8	95
2.5412640000	1.5861720000	0.1249422000	-0.1481273000	-0.7811756000	13	132
1.4553040000	0.5443881000	-0.6025387000	1.3889430000	-1.6708510000	13	93
2.1346320000	0.4583477000	0.1875436000	1.7862970000	-2.2577530000	10	87
0.9615560000	0.9719173000	-0.5790184000	1.2896520000	-1.7890250000	10	121
3.0753380000	0.9983969000	-1.1544150000	1.3440640000	-1.8814100000	12	86
1.8928780000	0.5270326000	2.2159600000	2.2940570000	-2.7528590000	8	56
1.6995710000	1.6517230000	-0.7021437000	0.7309061000	-1.4488900000	12	78
1.7431040000	0.5555358000	0.0889992040	0.7154442000	-0.8768981000	9	88
2.3946970000	1.1173400000	0.0529623520	1.3823380000	-1.9247720000	13	88
2.2315530000	1.1173400000	-1.0285850000	1.6389400000	-2.2244050000	11	89